date,code,open,high,low,close,volume,amount,turnover,pct_change,is_limit_up,is_limit_down
2019-07-01,sz.002081,10.45,10.68,10.45,10.6,10617439,112220813.23,0.412142,2.812803,0,0
2019-07-02,sz.002081,10.6,10.68,10.46,10.55,9383059,99043358.08,0.364226,-0.4717,0,0
2019-07-03,sz.002081,10.53,10.58,10.36,10.54,6620772,69564547.59,0.257001,-0.094789,0,0
2019-07-04,sz.002081,10.56,10.77,10.54,10.7,9417050,100442645.51,0.365546,1.518025,0,0
2019-07-05,sz.002081,10.72,10.77,10.6,10.67,3513739,37476557.63,0.136394,-0.280371,0,0
2019-07-08,sz.002081,10.58,10.64,10.3,10.4,8509842,89029042.31,0.33033,-2.530463,0,0
2019-07-09,sz.002081,10.48,10.57,10.35,10.42,4500401,46987069.15,0.174694,0.192312,0,0
2019-07-10,sz.002081,10.5,10.5,10.33,10.39,3829455,39772335.48,0.14865,-0.287905,0,0
2019-07-11,sz.002081,10.46,10.52,10.31,10.34,3726230,38759796.2,0.144643,-0.481234,0,0
2019-07-12,sz.002081,10.34,10.54,10.29,10.45,5638118,58911447.93,0.218857,1.063826,0,0
2019-07-15,sz.002081,10.46,10.66,10.26,10.56,5606826,58709354.59,0.217643,1.052637,0,0
2019-07-16,sz.002081,10.54,10.6,10.31,10.36,7701222,80174488.89,0.298942,-1.893947,0,0
2019-07-17,sz.002081,10.36,10.43,10.3,10.35,3911783,40541237.67,0.151845,-0.096518,0,0
2019-07-18,sz.002081,10.32,10.32,10.05,10.24,5848428,59402523.66,0.227021,-1.062808,0,0
2019-07-19,sz.002081,10.24,10.4,10.2,10.35,5713753,58967069.39,0.221793,1.074225,0,0
2019-07-22,sz.002081,10.39,10.85,10.27,10.72,16137681,171845075.09,0.626423,3.574878,0,0
2019-07-23,sz.002081,10.8,10.8,10.59,10.73,10667136,113782962.13,0.414071,0.093277,0,0
2019-07-24,sz.002081,10.73,10.79,10.64,10.7,6481461,69367431.41,0.251594,-0.279587,0,0
2019-07-25,sz.002081,10.66,10.76,10.57,10.74,4878957,52077772.74,0.189389,0.373831,0,0
2019-07-26,sz.002081,10.72,11.08,10.7,11.01,12422927,135992542.93,0.4822,2.514,0,0
2019-07-29,sz.002081,11.04,11.16,10.91,10.96,6719326,73945337.1,0.260827,-0.454134,0,0
2019-07-30,sz.002081,11.05,11.2,10.97,11.12,8355542,93036691.02,0.3243,1.4599,0,0
2019-07-31,sz.002081,11.12,11.17,10.95,11.03,6161366,68058880.95,0.2392,-0.8094,0,0
2019-08-01,sz.002081,10.98,11.13,10.86,11.03,11375793,125343243.96,0.4416,0.0,0,0
2019-08-02,sz.002081,10.73,11.0,10.71,10.89,7558296,82409714.29,0.2934,-1.2693,0,0
2019-08-05,sz.002081,10.84,10.93,10.46,10.52,9816240,104382701.62,0.381,-3.3976,0,0
2019-08-06,sz.002081,10.38,10.51,10.2,10.4,9363399,97120529.28,0.3635,-1.1407,0,0
2019-08-07,sz.002081,10.38,10.51,10.21,10.21,5065971,52428255.1,0.1966,-1.8269,0,0
2019-08-08,sz.002081,10.27,10.37,10.22,10.35,5034440,51867949.7,0.1954,1.3712,0,0
2019-08-09,sz.002081,10.38,10.42,10.06,10.1,6089653,61963023.95,0.2364,-2.4155,0,0
2019-08-12,sz.002081,10.1,10.19,10.04,10.12,5376857,54333401.64,0.2087,0.198,0,0
2019-08-13,sz.002081,10.07,10.1,9.64,9.82,13082274,127936937.45,0.5078,-2.9644,0,0
2019-08-14,sz.002081,9.95,9.97,9.66,9.67,9727525,94959079.82,0.3776,-1.5275,0,0
2019-08-15,sz.002081,9.48,9.59,9.43,9.56,9848897,93665666.59,0.3823,-1.1375,0,0
2019-08-16,sz.002081,9.58,9.6,9.46,9.51,13067786,124388339.83,0.5073,-0.523,0,0
2019-08-19,sz.002081,9.57,9.8,9.53,9.78,12428068,120092081.76,0.4824,2.8391,0,0
2019-08-20,sz.002081,9.81,9.99,9.73,9.82,12967372,128080461.86,0.5034,0.409,0,0
2019-08-21,sz.002081,9.83,9.87,9.75,9.8,7961039,78149270.48,0.309,-0.2037,0,0
2019-08-22,sz.002081,9.9,9.96,9.61,9.69,21143430,205346305.9,0.8188,-1.1225,0,0
2019-08-23,sz.002081,9.65,9.9,9.64,9.85,16871778,165308468.35,0.6534,1.6512,0,0
2019-08-26,sz.002081,9.66,9.75,9.48,9.56,17560734,167985038.54,0.68,-2.9442,0,0
2019-08-27,sz.002081,9.56,9.76,9.56,9.62,17474461,169226379.29,0.6767,0.6276,0,0
2019-08-28,sz.002081,9.72,9.81,9.63,9.66,19784792,192423206.93,0.7662,0.4158,0,0
2019-08-29,sz.002081,9.69,9.71,9.56,9.66,11870011,114335555.01,0.4597,0.0,0,0
2019-08-30,sz.002081,9.68,9.75,9.61,9.65,9542846,92233548.09,0.3695,-0.1035,0,0
2019-09-02,sz.002081,9.65,9.83,9.62,9.77,14225121,138493351.5,0.5509,1.2435,0,0
2019-09-03,sz.002081,9.77,9.79,9.63,9.68,13460135,130365826.93,0.5212,-0.9212,0,0
2019-09-04,sz.002081,9.65,9.93,9.64,9.92,21016404,205579439.21,0.8139,2.4793,0,0
2019-09-05,sz.002081,10.02,10.22,9.88,9.93,25286253,254182493.15,0.9792,0.1008,0,0
2019-09-06,sz.002081,10.04,10.18,9.93,10.04,16168949,162276386.08,0.6261,1.1078,0,0
2019-09-09,sz.002081,10.1,10.2,10.01,10.18,17955030,181760198.32,0.6953,1.3944,0,0
2019-09-10,sz.002081,10.24,10.24,9.99,10.03,17180133,172967527.63,0.6653,-1.4735,0,0
2019-09-11,sz.002081,10.04,10.08,9.88,9.94,12809020,127640176.22,0.496,-0.8973,0,0
2019-09-12,sz.002081,9.94,9.99,9.82,9.9,14231325,140805570.56,0.5511,-0.4024,0,0
2019-09-16,sz.002081,9.92,9.94,9.82,9.86,14031882,138437637.75,0.5434,-0.404,0,0
2019-09-17,sz.002081,9.86,9.86,9.53,9.56,15008315,144541069.31,0.5812,-3.0426,0,0
2019-09-18,sz.002081,9.57,9.62,9.49,9.51,12170722,116143432.29,0.4713,-0.523,0,0
2019-09-19,sz.002081,9.56,9.57,9.34,9.4,17746923,166891801.88,0.6872,-1.1567,0,0
2019-09-20,sz.002081,9.41,9.44,9.36,9.41,12917116,121449700.22,0.5002,0.1064,0,0
2019-09-23,sz.002081,9.42,9.42,9.13,9.21,15603660,143731469.89,0.6043,-2.1254,0,0
2019-09-24,sz.002081,9.18,9.28,9.18,9.24,8170491,75533502.72,0.3164,0.3257,0,0
2019-09-25,sz.002081,9.19,9.2,9.01,9.09,11995718,108676426.18,0.4645,-1.6234,0,0
2019-09-26,sz.002081,9.11,9.13,9.0,9.06,9569150,86557694.89,0.3706,-0.33,0,0
2019-09-27,sz.002081,9.03,9.15,9.0,9.09,9003139,81747877.37,0.3486,0.3311,0,0
2019-09-30,sz.002081,9.12,9.13,9.02,9.07,10035024,90956893.81,0.3886,-0.22,0,0
2019-10-08,sz.002081,9.08,9.14,9.05,9.09,8995146,81695910.01,0.3483,0.2205,0,0
2019-10-09,sz.002081,8.77,8.77,8.18,8.18,33225193,274223464.26,1.2866,-10.011,0,1
2019-10-10,sz.002081,8.18,8.63,8.17,8.62,40335948,339979390.8,1.562,5.379,0,0
2019-10-11,sz.002081,8.58,8.58,8.36,8.44,25303808,213783540.51,0.9799,-2.0882,0,0
2019-10-14,sz.002081,8.49,8.87,8.49,8.78,26325103,230293974.89,1.0194,4.0284,0,0
2019-10-15,sz.002081,8.82,8.87,8.58,8.6,12795257,110921269.57,0.4955,-2.0501,0,0
2019-10-16,sz.002081,8.69,8.71,8.44,8.49,12308188,105064257.93,0.4766,-1.2791,0,0
2019-10-17,sz.002081,8.49,8.51,8.26,8.3,13990566,116777260.14,0.5418,-2.2379,0,0
2019-10-18,sz.002081,8.32,8.46,8.23,8.26,13028530,108487067.45,0.5045,-0.4819,0,0
2019-10-21,sz.002081,8.35,8.35,8.18,8.26,8972600,73804082.64,0.3475,0.0,0,0
2019-10-22,sz.002081,8.27,8.44,8.19,8.38,14205740,117832417.11,0.5501,1.4528,0,0
2019-10-23,sz.002081,8.35,8.46,8.32,8.39,8750485,73538764.53,0.3389,0.1193,0,0
2019-10-24,sz.002081,8.36,8.5,8.23,8.28,11861120,99060052.11,0.4593,-1.3111,0,0
2019-10-25,sz.002081,8.26,8.32,8.18,8.26,12004042,98863909.29,0.4649,-0.2415,0,0
2019-10-28,sz.002081,8.28,8.43,8.28,8.43,14119332,118255323.35,0.5468,2.0581,0,0
2019-10-29,sz.002081,8.41,8.42,8.2,8.21,17533141,144833261.63,0.679,-2.6097,0,0
2019-10-30,sz.002081,8.2,8.23,7.95,8.03,17864583,144065267.27,0.6918,-2.1925,0,0
2019-10-31,sz.002081,8.03,8.05,7.93,7.99,9811746,78182196.89,0.38,-0.4981,0,0
2019-11-01,sz.002081,7.98,8.09,7.91,8.05,11646192,93157283.61,0.451,0.7509,0,0
2019-11-04,sz.002081,8.07,8.2,8.05,8.06,19451464,157818494.04,0.7533,0.1242,0,0
2019-11-05,sz.002081,8.09,8.17,7.99,8.14,17919208,145072133.36,0.6939,0.9926,0,0
2019-11-06,sz.002081,8.14,8.2,7.99,8.02,23726006,192160953.47,0.9188,-1.4742,0,0
2019-11-07,sz.002081,8.02,8.05,7.9,7.93,20849786,165607422.65,0.8074,-1.1222,0,0
2019-11-08,sz.002081,7.97,8.0,7.9,7.97,17600199,139943507.87,0.6816,0.5044,0,0
2019-11-11,sz.002081,7.96,7.99,7.79,7.82,19348153,152590371.26,0.7493,-1.8821,0,0
2019-11-12,sz.002081,7.84,7.86,7.71,7.77,13143590,101944889.74,0.509,-0.6394,0,0
2019-11-13,sz.002081,7.76,7.76,7.49,7.56,22191087,168570162.32,0.8593,-2.7027,0,0
2019-11-14,sz.002081,7.55,7.64,7.55,7.59,12992379,98595490.82,0.5031,0.3968,0,0
2019-11-15,sz.002081,7.6,7.61,7.48,7.49,12698106,95575062.92,0.4917,-1.3175,0,0
2019-11-18,sz.002081,7.49,7.53,7.41,7.52,11402334,85335411.51,0.4416,0.4005,0,0
2019-11-19,sz.002081,7.51,7.67,7.46,7.65,15274699,115961524.25,0.5915,1.7287,0,0
2019-11-20,sz.002081,7.63,7.69,7.52,7.54,13067950,99302434.99,0.5061,-1.4379,0,0
2019-11-21,sz.002081,7.59,7.92,7.56,7.8,32185944,250389615.78,1.2464,3.4483,0,0
2019-11-22,sz.002081,7.8,7.83,7.61,7.66,25627785,197300221.57,0.9924,-1.7949,0,0
2019-11-25,sz.002081,7.63,8.25,7.63,8.14,57030509,459606689.75,2.2085,6.2663,0,0
2019-11-26,sz.002081,8.1,8.13,7.95,8.01,27302656,219188092.89,1.0573,-1.5971,0,0
2019-11-27,sz.002081,8.03,8.23,7.92,8.08,26559774,214549497.31,1.0285,0.8739,0,0
2019-11-28,sz.002081,8.08,8.16,7.97,8.02,16138832,129631543.11,0.625,-0.7426,0,0
2019-11-29,sz.002081,8.03,8.07,7.88,8.05,16696458,132892950.22,0.6466,0.3741,0,0
2019-12-02,sz.002081,8.03,8.1,7.91,7.94,18052291,143998919.68,0.6991,-1.3665,0,0
2019-12-03,sz.002081,7.91,7.91,7.73,7.85,17944782,140198999.1,0.6949,-1.1335,0,0
2019-12-04,sz.002081,7.82,7.84,7.74,7.78,11435064,88900963.43,0.4428,-0.8917,0,0
2019-12-05,sz.002081,7.79,7.86,7.77,7.83,13617745,106410097.42,0.5273,0.6427,0,0
2019-12-06,sz.002081,7.83,7.84,7.73,7.77,13983877,108668196.29,0.5415,-0.7663,0,0
2019-12-09,sz.002081,7.79,7.84,7.69,7.83,18364484,142429530.51,0.7112,0.7722,0,0
2019-12-10,sz.002081,7.81,8.07,7.79,7.97,25275461,201372553.31,0.9788,1.788,0,0
2019-12-11,sz.002081,7.96,7.98,7.86,7.93,15408647,121873953.78,0.5967,-0.5019,0,0
2019-12-12,sz.002081,7.92,7.92,7.82,7.83,10429362,81875347.47,0.4039,-1.261,0,0
2019-12-13,sz.002081,7.89,7.95,7.87,7.95,14062704,111310135.37,0.5446,1.5326,0,0
2019-12-16,sz.002081,7.96,8.05,7.9,8.04,20136038,160625446.52,0.7798,1.1321,0,0
2019-12-17,sz.002081,8.06,8.19,7.98,8.16,28273071,229020902.62,1.0949,1.4925,0,0
2019-12-18,sz.002081,8.17,8.43,8.15,8.3,47042022,390544075.78,1.8217,1.7157,0,0
2019-12-19,sz.002081,8.37,8.47,8.26,8.41,27994250,234020430.27,1.0841,1.3253,0,0
2019-12-20,sz.002081,8.43,8.47,8.29,8.36,30072469,252263976.68,1.1646,-0.5945,0,0
2019-12-23,sz.002081,8.37,8.55,8.31,8.32,32989998,277935946.44,1.2775,-0.4785,0,0
2019-12-24,sz.002081,8.33,8.39,8.21,8.3,19130795,158375501.66,0.7408,-0.2404,0,0
2019-12-25,sz.002081,8.28,8.43,8.25,8.36,14787759,123097086.55,0.5727,0.7229,0,0
2019-12-26,sz.002081,8.33,8.62,8.32,8.58,30507880,260312857.1,1.1814,2.6316,0,0
2019-12-27,sz.002081,8.59,8.63,8.48,8.49,20622115,175906898.2,0.7986,-1.049,0,0
2019-12-30,sz.002081,8.49,8.83,8.39,8.75,33048187,286995087.33,1.2798,3.0624,0,0
2019-12-31,sz.002081,8.76,8.94,8.71,8.82,22175395,195633933.85,0.8587,0.8,0,0
2020-01-02,sz.002081,8.95,9.27,8.93,9.18,39479903,360541770.05,1.5289,4.0816,0,0
2020-01-03,sz.002081,9.19,9.4,9.13,9.29,34769720,321675115.55,1.3465,1.1983,0,0
2020-01-06,sz.002081,9.2,9.34,9.07,9.14,31452405,289264876.84,1.218,-1.6146,0,0
2020-01-07,sz.002081,9.22,9.49,9.12,9.43,32139014,299875570.81,1.2446,3.1729,0,0
2020-01-08,sz.002081,9.43,9.55,9.26,9.27,26923290,253186604.75,1.0426,-1.6967,0,0
2020-01-09,sz.002081,9.4,9.48,9.18,9.29,23143901,215341130.24,0.8962,0.2157,0,0
2020-01-10,sz.002081,9.33,9.36,9.07,9.23,23247468,213312456.15,0.9003,-0.6459,0,0
2020-01-13,sz.002081,9.36,9.65,9.36,9.61,34307644,327491879.33,1.3286,4.117,0,0
2020-01-14,sz.002081,9.68,9.87,9.53,9.66,32567812,315741766.92,1.2612,0.5203,0,0
2020-01-15,sz.002081,9.6,9.63,9.42,9.49,11792570,112005232.02,0.4567,-1.7598,0,0
2020-01-16,sz.002081,9.47,9.68,9.39,9.46,16749322,159593539.53,0.6486,-0.3161,0,0
2020-01-17,sz.002081,9.5,9.67,9.43,9.51,17008606,162154636.31,0.6587,0.5285,0,0
2020-01-20,sz.002081,9.51,9.53,9.31,9.42,18056566,169988909.49,0.6992,-0.9464,0,0
2020-01-21,sz.002081,9.39,9.39,9.15,9.23,20032808,184826407.74,0.7758,-2.017,0,0
2020-01-22,sz.002081,9.12,9.24,8.95,9.18,15585677,142030829.79,0.6003,-0.5417,0,0
2020-01-23,sz.002081,9.09,9.09,8.63,8.68,26466516,233752788.32,1.0194,-5.4466,0,0
2020-02-03,sz.002081,7.81,7.81,7.81,7.81,6186400,48315784.0,0.2383,-10.023,0,1
2020-02-04,sz.002081,7.32,7.92,7.32,7.67,38518931,294787933.19,1.4837,-1.7926,0,0
2020-02-05,sz.002081,7.74,8.0,7.71,7.8,21927680,172382846.8,0.8446,1.6949,0,0
2020-02-06,sz.002081,7.83,8.0,7.7,7.93,22026122,173289886.34,0.8484,1.6667,0,0
2020-02-07,sz.002081,7.9,7.94,7.71,7.92,21379801,167707834.76,0.8235,-0.1261,0,0
2020-02-10,sz.002081,7.88,8.13,7.79,8.12,21865257,174750467.04,0.8422,2.5252,0,0
2020-02-11,sz.002081,8.15,8.44,8.08,8.37,28326139,235183414.71,1.0911,3.0788,0,0
2020-02-12,sz.002081,8.32,8.48,8.26,8.45,13307150,111701165.31,0.5126,0.9558,0,0
2020-02-13,sz.002081,8.43,8.54,8.23,8.28,18394353,153767510.53,0.7085,-2.0118,0,0
2020-02-14,sz.002081,8.25,8.43,8.25,8.32,14923075,124220309.47,0.5748,0.4831,0,0
2020-02-17,sz.002081,8.41,8.7,8.36,8.62,22119464,189004258.33,0.852,3.6058,0,0
2020-02-18,sz.002081,8.6,8.73,8.47,8.62,17833644,153204969.34,0.6869,0.0,0,0
2020-02-19,sz.002081,8.64,8.67,8.45,8.5,14103050,120720412.39,0.5432,-1.3921,0,0
2020-02-20,sz.002081,8.5,8.67,8.46,8.64,24051576,206068312.86,0.9264,1.6471,0,0
2020-02-21,sz.002081,8.66,8.68,8.51,8.55,22914365,196350724.07,0.8826,-1.0417,0,0
2020-02-24,sz.002081,8.51,8.53,8.18,8.36,31204170,259786745.05,1.2019,-2.2222,0,0
2020-02-25,sz.002081,8.24,8.31,7.99,8.13,29618954,241067888.17,1.1409,-2.7512,0,0
2020-02-26,sz.002081,8.01,8.75,8.01,8.51,52262224,443016503.17,2.013,4.674,0,0
2020-02-27,sz.002081,8.58,8.97,8.53,8.78,42363721,372895681.48,1.6317,3.1727,0,0
2020-02-28,sz.002081,8.78,8.92,8.51,8.67,52678892,459113781.61,2.0291,-1.2528,0,0
2020-03-02,sz.002081,8.79,9.5,8.77,9.28,50786461,466651186.39,1.9562,7.0358,0,0
2020-03-03,sz.002081,9.52,9.85,9.11,9.23,52622931,498054262.73,2.0269,-0.5388,0,0
2020-03-04,sz.002081,9.14,9.49,9.08,9.43,39552586,367728633.47,1.5235,2.1669,0,0
2020-03-05,sz.002081,9.46,9.51,9.29,9.42,35930795,337847072.86,1.384,-0.106,0,0
2020-03-06,sz.002081,9.27,9.37,9.1,9.19,25583091,235492870.36,0.9854,-2.4416,0,0
2020-03-09,sz.002081,9.01,9.1,8.88,8.96,25334416,227926846.4,0.9758,-2.5027,0,0
2020-03-10,sz.002081,8.85,9.2,8.85,9.13,29971944,271077314.38,1.1544,1.8973,0,0
2020-03-11,sz.002081,9.13,9.15,8.91,8.91,21965933,197674447.2,0.8461,-2.4096,0,0
2020-03-12,sz.002081,8.81,8.81,8.6,8.67,16698096,145140867.77,0.6432,-2.6936,0,0
2020-03-13,sz.002081,8.35,8.56,8.15,8.43,20558523,171720863.04,0.7919,-2.7682,0,0
2020-03-16,sz.002081,8.6,8.6,8.15,8.2,19727106,165974258.68,0.7598,-2.7284,0,0
2020-03-17,sz.002081,8.21,8.42,8.0,8.21,18119539,148863311.22,0.6979,0.122,0,0
2020-03-18,sz.002081,8.34,8.53,8.13,8.15,19111493,159399591.16,0.7361,-0.7308,0,0
2020-03-19,sz.002081,8.18,8.29,7.93,8.1,18835242,152270236.57,0.7255,-0.6135,0,0
2020-03-20,sz.002081,8.19,8.28,8.08,8.28,11947250,97665214.39,0.4602,2.2222,0,0
2020-03-23,sz.002081,8.1,8.14,7.94,7.95,12947692,103957677.92,0.4987,-3.9855,0,0
2020-03-24,sz.002081,8.07,8.12,7.81,8.0,15071526,120346268.04,0.5805,0.6289,0,0
2020-03-25,sz.002081,8.3,8.32,8.06,8.15,16503088,134774112.31,0.6357,1.875,0,0
2020-03-26,sz.002081,8.12,8.12,7.92,7.96,14878929,119354396.07,0.5731,-2.3313,0,0
2020-03-27,sz.002081,8.06,8.38,7.99,8.25,25292947,208195275.98,0.9742,3.6432,0,0
2020-03-30,sz.002081,8.2,8.37,8.12,8.28,15059026,124577813.31,0.58,0.3636,0,0
2020-03-31,sz.002081,8.34,8.45,8.1,8.21,16227093,133747425.98,0.625,-0.8454,0,0
2020-04-01,sz.002081,8.22,8.28,8.07,8.07,12270552,100413754.15,0.4726,-1.7052,0,0
2020-04-02,sz.002081,8.07,8.15,7.96,8.14,11192216,89887108.42,0.4311,0.8674,0,0
2020-04-03,sz.002081,8.14,8.14,7.99,8.03,9247336,74309777.79,0.3562,-1.3514,0,0
2020-04-07,sz.002081,8.12,8.32,8.12,8.29,14244076,117114418.66,0.5486,3.2379,0,0
2020-04-08,sz.002081,8.27,8.27,8.15,8.21,8776175,71958872.77,0.338,-0.965,0,0
2020-04-09,sz.002081,8.26,8.37,8.22,8.27,12932925,107063390.45,0.4981,0.7308,0,0
2020-04-10,sz.002081,8.26,8.26,8.09,8.12,9526079,77822941.98,0.3669,-1.8138,0,0
2020-04-13,sz.002081,8.08,8.1,8.01,8.06,7444787,59903384.04,0.2868,-0.7389,0,0
2020-04-14,sz.002081,8.06,8.16,8.05,8.16,8376838,67846719.28,0.3227,1.2407,0,0
2020-04-15,sz.002081,8.17,8.17,8.03,8.03,9620626,77640810.04,0.3706,-1.5931,0,0
2020-04-16,sz.002081,8.01,8.07,8.0,8.06,7483153,60155109.16,0.2882,0.3736,0,0
2020-04-17,sz.002081,8.08,8.28,8.06,8.17,17160201,140361679.75,0.661,1.3648,0,0
2020-04-20,sz.002081,8.19,8.54,8.19,8.48,25378882,212980519.25,0.9775,3.7944,0,0
2020-04-21,sz.002081,8.42,8.84,8.35,8.76,37349122,322349950.33,1.4386,3.3019,0,0
2020-04-22,sz.002081,8.72,8.85,8.62,8.8,21167179,185362594.99,0.8153,0.4566,0,0
2020-04-23,sz.002081,8.81,8.94,8.75,8.79,22295041,197126202.64,0.8588,-0.1136,0,0
2020-04-24,sz.002081,8.78,8.87,8.56,8.61,14180679,123027573.07,0.5462,-2.0478,0,0
2020-04-27,sz.002081,8.73,8.84,8.52,8.55,13221780,114235420.86,0.5093,-0.6969,0,0
2020-04-28,sz.002081,8.58,8.63,8.31,8.42,13031652,110278876.97,0.5019,-1.5205,0,0
2020-04-29,sz.002081,8.42,8.54,7.89,8.0,43291218,351281492.64,1.6675,-4.9881,0,0
2020-04-30,sz.002081,8.02,8.15,7.95,8.06,30945939,248439429.77,1.192,0.75,0,0
2020-05-06,sz.002081,7.99,8.17,7.95,8.13,23540710,189299692.68,0.9067,0.8685,0,0
2020-05-07,sz.002081,8.14,8.14,7.99,8.03,20477434,164614872.64,0.7887,-1.23,0,0
2020-05-08,sz.002081,8.08,8.17,8.04,8.14,18544203,150439009.66,0.7143,1.3699,0,0
2020-05-11,sz.002081,8.16,8.57,8.14,8.5,35554628,298105460.3,1.3695,4.4226,0,0
2020-05-12,sz.002081,8.48,8.48,8.18,8.31,28652436,237518884.07,1.1036,-2.2353,0,0
2020-05-13,sz.002081,8.22,8.23,8.11,8.18,19457342,158868486.08,0.7495,-1.5644,0,0
2020-05-14,sz.002081,8.14,8.32,8.1,8.16,19398316,159062858.56,0.7472,-0.2445,0,0
2020-05-15,sz.002081,8.22,8.24,8.13,8.18,13385416,109505517.19,0.5156,0.2451,0,0
2020-05-18,sz.002081,8.2,8.32,8.16,8.28,17668068,146059239.36,0.6805,1.2225,0,0
2020-05-19,sz.002081,8.32,8.35,8.14,8.18,21978868,180486015.79,0.8466,-1.2077,0,0
2020-05-20,sz.002081,8.13,8.17,8.05,8.12,21791294,176732573.69,0.8393,-0.7335,0,0
2020-05-21,sz.002081,8.15,8.16,7.96,8.01,24330682,195731293.33,0.9372,-1.3547,0,0
2020-05-22,sz.002081,7.99,8.04,7.83,7.92,20438092,161623292.65,0.7872,-1.1236,0,0
2020-05-25,sz.002081,7.92,7.95,7.85,7.91,8204038,64773869.81,0.316,-0.1263,0,0
2020-05-26,sz.002081,7.91,8.04,7.91,8.01,10548725,84384683.2,0.4063,1.2642,0,0
2020-05-27,sz.002081,7.85,8.17,7.79,8.07,24934435,199385366.45,0.9604,3.3291,0,0
2020-05-28,sz.002081,8.17,8.2,7.86,7.99,21949696,175790750.19,0.8454,-0.9913,0,0
2020-05-29,sz.002081,8.0,8.0,7.9,7.92,10801561,85641188.71,0.4161,-0.8761,0,0
2020-06-01,sz.002081,7.98,8.28,7.97,8.24,37292554,302860877.7,1.4364,4.0404,0,0
2020-06-02,sz.002081,8.24,8.35,8.16,8.3,31290614,258564751.23,1.2052,0.7282,0,0
2020-06-03,sz.002081,8.29,8.29,8.08,8.09,30283375,246803485.14,1.1664,-2.5301,0,0
2020-06-04,sz.002081,8.08,8.12,7.99,8.02,19444682,156039249.78,0.749,-0.8653,0,0
2020-06-05,sz.002081,8.02,8.03,7.9,7.92,17973936,142827617.85,0.6923,-1.2469,0,0
2020-06-08,sz.002081,7.95,8.0,7.9,7.93,18063199,143549079.26,0.6958,0.1263,0,0
2020-06-09,sz.002081,7.95,8.02,7.9,8.0,13026448,103915639.42,0.5,0.8827,0,0
2020-06-10,sz.002081,8.02,8.03,7.91,7.94,12993365,103338833.72,0.4988,-0.75,0,0
2020-06-11,sz.002081,7.93,7.99,7.81,7.86,23524960,185745764.39,0.903,-1.0076,0,0
2020-06-12,sz.002081,7.7,7.94,7.69,7.88,30158094,235222559.08,1.1576,0.2545,0,0
2020-06-15,sz.002081,7.81,7.85,7.7,7.74,22863402,177418979.84,0.8776,-1.7767,0,0
2020-06-16,sz.002081,7.78,7.83,7.77,7.81,14360055,111927361.48,0.5512,0.9044,0,0
2020-06-17,sz.002081,7.81,7.81,7.72,7.8,12632668,98056746.19,0.4849,-0.128,0,0
2020-06-18,sz.002081,7.79,7.99,7.76,7.88,33882912,267883096.01,1.3006,1.0256,0,0
2020-06-19,sz.002081,7.88,7.96,7.85,7.91,17565398,139228055.71,0.6743,0.3807,0,0
2020-06-22,sz.002081,7.94,8.06,7.88,7.94,15431469,122963482.05,0.5923,0.3793,0,0
2020-06-23,sz.002081,7.9,7.97,7.89,7.93,10720785,84999868.03,0.4115,-0.1259,0,0
2020-06-24,sz.002081,7.93,7.96,7.81,7.84,13222586,103898622.3,0.5076,-1.1349,0,0
2020-06-29,sz.002081,7.82,7.84,7.71,7.78,16306295,126384883.86,0.6259,-0.7653,0,0
2020-06-30,sz.002081,7.78,7.91,7.77,7.86,15048345,118092677.54,0.5776,1.0283,0,0
2020-07-01,sz.002081,7.89,8.2,7.82,8.12,43124287,347375436.36,1.6554,3.3079,0,0
2020-07-02,sz.002081,8.13,8.29,8.09,8.25,36854066,301780460.61,1.4147,1.601,0,0
2020-07-03,sz.002081,8.27,8.49,8.26,8.34,35761905,299064840.39,1.3727,1.0909,0,0
2020-07-06,sz.002081,8.48,8.77,8.43,8.74,49800041,428584023.6,1.9116,4.7962,0,0
2020-07-07,sz.002081,8.8,8.93,8.62,8.63,45011254,394272243.32,1.7278,-1.2586,0,0
2020-07-08,sz.002081,8.67,8.9,8.64,8.85,29857138,262299448.84,1.1461,2.5492,0,0
2020-07-09,sz.002081,8.9,9.05,8.77,8.9,29352191,261197429.57,1.1267,0.565,0,0
2020-07-10,sz.002081,8.89,8.9,8.64,8.67,30959314,271129671.77,1.1884,-2.5843,0,0
2020-07-13,sz.002081,8.67,8.94,8.63,8.9,30566682,269602766.36,1.1733,2.6528,0,0
2020-07-14,sz.002081,9.01,9.3,8.77,9.04,44500002,402527194.15,1.7082,1.573,0,0
2020-07-15,sz.002081,9.12,9.22,8.8,8.86,27654870,247416604.17,1.0616,-1.9912,0,0
2020-07-16,sz.002081,8.83,9.05,8.52,8.56,28943889,254729218.37,1.111,-3.386,0,0
2020-07-17,sz.002081,8.6,8.69,8.42,8.44,21049920,179751710.96,0.808,-1.4019,0,0
2020-07-20,sz.002081,8.55,9.15,8.48,9.15,50664004,453276467.88,1.9448,8.4123,0,0
2020-07-21,sz.002081,9.24,9.25,8.96,9.03,31208023,283762550.34,1.1979,-1.3115,0,0
2020-07-22,sz.002081,9.05,9.32,8.87,9.08,41345242,376973007.18,1.5871,0.5537,0,0
2020-07-23,sz.002081,9.03,9.55,8.85,9.47,56911034,526256309.08,2.1846,4.2952,0,0
2020-07-24,sz.002081,9.39,9.55,9.0,9.17,51603284,480261485.64,1.9808,-3.1679,0,0
2020-07-27,sz.002081,9.22,9.26,8.64,8.82,34822730,309433067.24,1.3367,-3.8168,0,0
2020-07-28,sz.002081,8.86,8.96,8.75,8.91,16979268,150260359.64,0.6518,1.0204,0,0
2020-07-29,sz.002081,8.87,9.02,8.77,8.98,21477266,192253672.96,0.8244,0.7856,0,0
2020-07-30,sz.002081,9.0,9.09,8.86,9.0,19874100,178337254.67,0.7629,0.2227,0,0
2020-07-31,sz.002081,8.96,9.18,8.86,8.97,21046197,189482466.2,0.8079,-0.3333,0,0
2020-08-03,sz.002081,9.07,9.37,9.07,9.19,25373452,233887643.82,0.974,2.4526,0,0
2020-08-04,sz.002081,9.22,9.36,9.12,9.22,23310194,215076590.83,0.8948,0.3264,0,0
2020-08-05,sz.002081,9.24,9.53,9.08,9.5,36073060,337350661.59,1.3847,3.0369,0,0
2020-08-06,sz.002081,9.7,10.45,9.68,10.45,50964455,525874214.8,1.9563,10.0,1,0
2020-08-07,sz.002081,11.18,11.5,10.81,11.5,126007869,1434630371.17,4.8369,10.0478,1,0
2020-08-10,sz.002081,11.46,12.65,11.25,12.65,168043350,2051020969.4,6.4505,10.0,1,0
2020-08-11,sz.002081,13.16,13.5,12.0,12.57,187403229,2387796736.13,7.1936,-0.6324,0,0
2020-08-12,sz.002081,12.05,12.2,11.35,11.53,111654157,1311732008.12,4.2859,-8.2737,0,0
2020-08-13,sz.002081,11.65,12.22,11.32,11.76,86287044,1022721048.7,3.3122,1.9948,0,0
2020-08-14,sz.002081,11.68,12.08,11.38,11.88,62302944,737130162.2,2.3915,1.0204,0,0
2020-08-17,sz.002081,11.97,12.58,11.88,12.29,81087063,994497468.35,3.1126,3.4512,0,0
2020-08-18,sz.002081,12.12,12.42,11.93,12.05,59423291,717696045.86,2.281,-1.9528,0,0
2020-08-19,sz.002081,11.96,12.37,11.82,11.95,50215063,608454581.54,1.9275,-0.8299,0,0
2020-08-20,sz.002081,11.59,11.89,11.4,11.42,46989873,542157028.43,1.8037,-4.4351,0,0
2020-08-21,sz.002081,11.6,11.7,11.2,11.42,43914584,500823993.59,1.6857,0.0,0,0
2020-08-24,sz.002081,11.46,11.49,11.12,11.27,34676554,390564869.58,1.3311,-1.3135,0,0
2020-08-25,sz.002081,11.32,11.39,10.96,11.09,42176158,469010292.46,1.619,-1.5972,0,0
2020-08-26,sz.002081,11.2,11.23,10.59,10.62,36711504,398033549.38,1.4092,-4.2381,0,0
2020-08-27,sz.002081,10.73,10.76,10.51,10.56,24081015,255367847.56,0.9244,-0.565,0,0
2020-08-28,sz.002081,10.65,10.86,10.51,10.8,30916999,330048317.71,1.1868,2.2727,0,0
2020-08-31,sz.002081,11.03,11.1,10.35,10.51,51117027,541931007.12,1.9622,-2.6852,0,0
2020-09-01,sz.002081,10.55,10.72,10.33,10.72,44873587,473170251.68,1.7225,1.9981,0,0
2020-09-02,sz.002081,10.73,11.17,10.6,11.07,59791745,653121004.63,2.2952,3.2649,0,0
2020-09-03,sz.002081,11.12,11.12,10.63,10.72,31681890,343309185.73,1.2161,-3.1617,0,0
2020-09-04,sz.002081,10.5,10.57,10.31,10.52,26325362,274704721.12,1.0105,-1.8657,0,0
2020-09-07,sz.002081,10.55,10.98,10.02,10.65,57653731,618535713.71,2.2131,1.2357,0,0
2020-09-08,sz.002081,10.69,10.85,10.45,10.78,28431593,303035387.38,1.0914,1.2207,0,0
2020-09-09,sz.002081,10.72,10.88,10.32,10.35,30818233,325751046.51,1.183,-3.9889,0,0
2020-09-10,sz.002081,10.48,10.83,10.39,10.4,33248091,351309889.87,1.2763,0.4831,0,0
2020-09-11,sz.002081,10.39,10.62,10.25,10.51,18618331,194184149.62,0.7147,1.0577,0,0
2020-09-14,sz.002081,10.51,10.86,10.47,10.86,25856049,277019183.91,0.9925,3.3302,0,0
2020-09-15,sz.002081,10.86,11.04,10.67,10.9,24567727,267171152.18,0.9431,0.3683,0,0
2020-09-16,sz.002081,10.99,11.25,10.87,11.16,30853885,343525573.55,1.1844,2.3853,0,0
2020-09-17,sz.002081,11.1,11.21,10.9,10.97,20447957,225700172.87,0.7849,-1.7025,0,0
2020-09-18,sz.002081,10.87,11.14,10.85,11.06,20594526,227232960.95,0.7905,0.8204,0,0
2020-09-21,sz.002081,11.08,11.2,10.81,10.83,23439768,256349868.26,0.8998,-2.0796,0,0
2020-09-22,sz.002081,10.78,10.9,10.53,10.55,20162397,214683261.5,0.7739,-2.5854,0,0
2020-09-23,sz.002081,10.57,10.69,10.45,10.56,10501302,111017357.14,0.4031,0.0948,0,0
2020-09-24,sz.002081,10.56,10.59,10.33,10.46,13848425,144678921.33,0.5316,-0.947,0,0
2020-09-25,sz.002081,10.03,10.25,9.41,9.49,82213623,795001184.74,3.1558,-9.2734,0,0
2020-09-28,sz.002081,9.66,9.92,9.52,9.62,44417765,430784659.68,1.705,1.3699,0,0
2020-09-29,sz.002081,9.66,9.72,9.43,9.45,28549150,271598317.79,1.0959,-1.7672,0,0
2020-09-30,sz.002081,9.65,9.88,9.55,9.67,31565371,306674931.17,1.2117,2.328,0,0
2020-10-09,sz.002081,9.85,9.98,9.67,9.91,29387211,288301630.53,1.1281,2.4819,0,0
2020-10-12,sz.002081,9.98,10.33,9.91,10.3,31883415,323342150.42,1.2239,3.9354,0,0
2020-10-13,sz.002081,10.3,10.31,9.93,9.99,27743323,277876369.11,1.0649,-3.0097,0,0
2020-10-14,sz.002081,9.98,10.02,9.71,9.76,27778027,272356356.56,1.0663,-2.3023,0,0
2020-10-15,sz.002081,9.74,9.83,9.62,9.66,18784335,182154057.31,0.7211,-1.0246,0,0
2020-10-16,sz.002081,9.6,9.67,9.5,9.6,13102069,125667403.29,0.5029,-0.6211,0,0
2020-10-19,sz.002081,9.64,9.8,9.55,9.58,14753217,142534947.62,0.5663,-0.2083,0,0
2020-10-20,sz.002081,9.58,9.63,9.42,9.55,11827185,112271694.6,0.454,-0.3132,0,0
2020-10-21,sz.002081,9.55,9.59,9.32,9.39,13350363,125631473.2,0.5125,-1.6754,0,0
2020-10-22,sz.002081,9.34,9.65,9.26,9.6,21681421,205641601.44,0.8323,2.2364,0,0
2020-10-23,sz.002081,9.58,9.66,9.45,9.46,9919842,94569263.71,0.3808,-1.4583,0,0
2020-10-26,sz.002081,9.5,9.6,9.37,9.44,12563306,119136567.7,0.4823,-0.2114,0,0
2020-10-27,sz.002081,9.42,9.8,9.34,9.74,27518271,264295575.66,1.0563,3.178,0,0
2020-10-28,sz.002081,9.76,10.04,9.7,9.97,33096036,326629481.2,1.2704,2.3614,0,0
2020-10-29,sz.002081,9.82,10.25,9.78,10.12,26918667,271651272.47,1.0333,1.5045,0,0
2020-10-30,sz.002081,10.16,10.2,9.8,9.86,25783508,256113553.98,0.9897,-2.5692,0,0
2020-11-02,sz.002081,10.0,10.3,9.93,10.06,34940122,353403125.8,1.3412,2.0284,0,0
2020-11-03,sz.002081,10.11,10.49,10.11,10.34,25004015,258995325.09,0.9598,2.7833,0,0
2020-11-04,sz.002081,10.27,10.59,10.17,10.55,25055231,260692671.89,0.9618,2.0309,0,0
2020-11-05,sz.002081,10.59,10.73,10.42,10.53,16253626,171331703.29,0.6239,-0.1896,0,0
2020-11-06,sz.002081,10.54,10.59,10.31,10.43,14543742,151290919.22,0.5583,-0.9497,0,0
2020-11-09,sz.002081,10.45,10.7,10.42,10.48,20536330,216436614.43,0.7883,0.4794,0,0
2020-11-10,sz.002081,10.49,10.59,10.37,10.45,14366023,150475154.54,0.5515,-0.2863,0,0
2020-11-11,sz.002081,10.43,11.09,10.38,10.89,35152004,381200631.2,1.3493,4.2105,0,0
2020-11-12,sz.002081,10.87,10.89,10.5,10.56,21680340,230716577.4,0.8322,-3.0303,0,0
2020-11-13,sz.002081,10.48,10.55,10.22,10.47,14453887,150174590.6,0.5548,-0.8523,0,0
2020-11-16,sz.002081,10.47,10.8,10.42,10.8,16019633,170689616.43,0.6149,3.1519,0,0
2020-11-17,sz.002081,10.8,10.93,10.71,10.74,14176687,153057464.29,0.5442,-0.5556,0,0
2020-11-18,sz.002081,10.66,10.68,10.31,10.36,20366603,212358446.81,0.7818,-3.5382,0,0
2020-11-19,sz.002081,10.31,11.22,10.22,10.88,37948592,409927968.41,1.4567,5.0193,0,0
2020-11-20,sz.002081,10.92,11.08,10.81,10.89,21871318,239050798.11,0.8395,0.0919,0,0
2020-11-23,sz.002081,10.89,11.16,10.71,11.15,24274945,267561840.62,0.9318,2.3875,0,0
2020-11-24,sz.002081,11.1,11.64,11.01,11.34,34241894,390037291.77,1.3144,1.704,0,0
2020-11-25,sz.002081,11.28,11.35,10.68,10.7,46495461,509628531.86,1.7848,-5.6437,0,0
2020-11-26,sz.002081,10.67,10.84,10.49,10.83,23220354,248283508.66,0.8913,1.215,0,0
2020-11-27,sz.002081,10.8,10.88,10.41,10.58,22353080,236195678.81,0.858,-2.3084,0,0
2020-11-30,sz.002081,10.6,10.83,10.53,10.62,26387884,281884188.35,1.0129,0.3781,0,0
2020-12-01,sz.002081,10.65,10.75,10.59,10.69,15527160,165892510.07,0.596,0.6591,0,0
2020-12-02,sz.002081,10.69,10.7,10.46,10.55,15718458,166013606.26,0.6034,-1.3096,0,0
2020-12-03,sz.002081,10.53,10.6,10.46,10.5,12613938,132765774.57,0.4842,-0.4739,0,0
2020-12-04,sz.002081,10.48,10.48,10.3,10.41,13437492,139520704.85,0.5158,-0.8571,0,0
2020-12-07,sz.002081,10.4,10.72,10.33,10.59,18145529,191242320.7,0.6965,1.7291,0,0
2020-12-08,sz.002081,10.58,10.78,10.55,10.69,14837117,158720600.43,0.5695,0.9443,0,0
2020-12-09,sz.002081,10.7,10.98,10.61,10.81,36673847,399616178.9,1.4078,1.1225,0,0
2020-12-10,sz.002081,10.78,10.85,10.26,10.37,22976601,241796497.15,0.882,-4.0703,0,0
2020-12-11,sz.002081,10.32,10.55,9.72,10.48,32807602,332403250.66,1.2593,1.0608,0,0
2020-12-14,sz.002081,10.54,10.55,10.15,10.19,16426942,169808109.28,0.6306,-2.7672,0,0
2020-12-15,sz.002081,10.15,10.26,10.11,10.18,10100686,102849698.57,0.3877,-0.0981,0,0
2020-12-16,sz.002081,10.21,10.23,10.09,10.13,7707651,78142905.39,0.2959,-0.4912,0,0
2020-12-17,sz.002081,10.11,10.11,9.9,10.05,11972350,119956452.13,0.4596,-0.7897,0,0
2020-12-18,sz.002081,10.1,10.24,10.03,10.21,10248168,103960247.16,0.3934,1.592,0,0
2020-12-21,sz.002081,10.13,10.28,10.0,10.18,8850249,89883681.3,0.3397,-0.2938,0,0
2020-12-22,sz.002081,10.14,10.17,9.86,9.87,11788420,117838714.94,0.4525,-3.0452,0,0
2020-12-23,sz.002081,9.91,9.95,9.73,9.77,10958990,107536549.3,0.4207,-1.0132,0,0
2020-12-24,sz.002081,9.78,9.82,9.46,9.46,13344816,127946718.18,0.5123,-3.173,0,0
2020-12-25,sz.002081,9.4,9.69,9.4,9.52,10763775,102739916.61,0.4132,0.6342,0,0
2020-12-28,sz.002081,9.52,9.63,9.37,9.57,13085688,124495671.87,0.5023,0.5252,0,0
2020-12-29,sz.002081,9.54,9.76,9.4,9.46,11881361,113768972.18,0.4561,-1.1494,0,0
2020-12-30,sz.002081,9.41,9.49,9.31,9.37,9275051,87082216.27,0.356,-0.9514,0,0
2020-12-31,sz.002081,9.41,9.48,9.32,9.39,15457673,144989192.09,0.5934,0.2134,0,0
2021-01-04,sz.002081,9.39,9.42,9.05,9.14,25345845,232093360.1,0.9729,-2.6624,0,0
2021-01-05,sz.002081,9.15,9.51,9.04,9.42,24659949,229294479.25,0.9466,3.0635,0,0
2021-01-06,sz.002081,9.4,9.63,9.35,9.49,17519069,165955221.91,0.6725,0.7431,0,0
2021-01-07,sz.002081,9.5,9.5,9.0,9.09,36170192,333458445.82,1.3884,-4.215,0,0
2021-01-08,sz.002081,9.15,9.17,8.6,8.98,31356287,279277514.38,1.2036,-1.2101,0,0
2021-01-11,sz.002081,9.0,9.08,8.6,8.76,30815808,272429913.87,1.1829,-2.4499,0,0
2021-01-12,sz.002081,8.75,8.96,8.6,8.75,28124626,246469785.32,1.0796,-0.1142,0,0
2021-01-13,sz.002081,8.7,9.0,8.51,8.83,28894919,253735187.4,1.1092,0.9143,0,0
2021-01-14,sz.002081,8.78,8.98,8.56,8.64,33511314,293932417.39,1.2864,-2.1518,0,0
2021-01-15,sz.002081,8.57,8.68,8.38,8.44,38995153,331916821.06,1.4969,-2.3148,0,0
2021-01-18,sz.002081,8.48,8.88,8.45,8.49,47053781,404035500.4,1.8062,0.5924,0,0
2021-01-19,sz.002081,8.55,8.83,8.46,8.64,47273574,409953008.29,1.8146,1.7668,0,0
2021-01-20,sz.002081,8.73,8.94,8.46,8.53,47634150,412050653.39,1.8285,-1.2731,0,0
2021-01-21,sz.002081,8.49,8.73,8.4,8.53,39754731,340281184.07,1.526,0.0,0,0
2021-01-22,sz.002081,8.57,8.6,8.24,8.28,43381622,362677071.25,1.6652,-2.9308,0,0
2021-01-25,sz.002081,8.27,8.32,8.09,8.13,27511704,225424858.41,1.0554,-1.8116,0,0
2021-01-26,sz.002081,8.12,8.48,8.09,8.3,25661920,213344299.95,0.9845,2.091,0,0
2021-01-27,sz.002081,8.35,8.45,8.23,8.29,17500788,145613058.97,0.6708,-0.1205,0,0
2021-01-28,sz.002081,8.25,8.37,8.09,8.15,21555067,176536590.24,0.8261,-1.6888,0,0
2021-01-29,sz.002081,8.17,8.3,7.88,7.96,23757485,190819253.3,0.9106,-2.3313,0,0
2021-02-01,sz.002081,7.99,8.42,7.99,8.31,30761163,254458089.19,1.179,4.397,0,0
2021-02-02,sz.002081,8.27,8.42,8.22,8.31,22437703,187054892.2,0.86,0.0,0,0
2021-02-03,sz.002081,8.32,8.36,8.16,8.18,15908017,130651170.14,0.6097,-1.5644,0,0
2021-02-04,sz.002081,8.11,8.18,7.95,8.03,19481900,156247425.94,0.7467,-1.8337,0,0
2021-02-05,sz.002081,8.05,8.83,8.04,8.83,69919013,604628765.73,2.6798,9.9626,1,0
2021-02-08,sz.002081,8.82,8.82,8.22,8.49,77320939,648348474.19,2.9635,-3.8505,0,0
2021-02-09,sz.002081,8.4,8.67,8.3,8.55,43294347,369002890.08,1.6594,0.7067,0,0
2021-02-10,sz.002081,8.52,8.98,8.49,8.68,37735687,329481528.83,1.4463,1.5205,0,0
2021-02-18,sz.002081,8.84,8.95,8.72,8.77,38009892,335173780.73,1.4568,1.0369,0,0
2021-02-19,sz.002081,8.75,9.32,8.68,9.08,47095495,427157545.71,1.805,3.5348,0,0
2021-02-22,sz.002081,9.12,9.25,8.94,9.17,50495383,458636679.06,1.9353,0.9912,0,0
2021-02-23,sz.002081,9.06,9.12,8.95,9.01,24294153,219219848.12,0.9311,-1.7448,0,0
2021-02-24,sz.002081,8.97,9.16,8.83,8.91,27047815,242538272.39,1.0367,-1.1099,0,0
2021-02-25,sz.002081,8.97,9.64,8.92,9.39,67997915,634284888.59,2.6062,5.3872,0,0
2021-02-26,sz.002081,9.2,9.74,9.15,9.62,71322944,675762586.78,2.7336,2.4494,0,0
2021-03-01,sz.002081,9.57,10.12,9.45,9.88,63238292,620665865.08,2.4237,2.7027,0,0
2021-03-02,sz.002081,9.82,10.07,9.72,9.76,35458511,349978739.46,1.359,-1.2146,0,0
2021-03-03,sz.002081,9.73,9.85,9.5,9.79,32049521,310997409.98,1.2284,0.3074,0,0
2021-03-04,sz.002081,9.79,10.05,9.7,9.81,44227903,438391203.58,1.6951,0.2043,0,0
2021-03-05,sz.002081,9.68,10.1,9.51,9.64,47466361,461409046.71,1.8193,-1.7329,0,0
2021-03-08,sz.002081,9.7,10.2,9.67,9.97,60427293,602183132.99,2.316,3.4232,0,0
2021-03-09,sz.002081,9.92,10.07,9.4,9.7,47237830,460178307.67,1.8105,-2.7081,0,0
2021-03-10,sz.002081,9.74,9.78,9.01,9.04,63798209,592166331.46,2.4452,-6.8041,0,0
2021-03-11,sz.002081,9.27,9.35,9.07,9.17,38114467,349808351.19,1.4608,1.4381,0,0
2021-03-12,sz.002081,9.12,9.31,8.93,9.28,35839355,328062415.32,1.3736,1.1996,0,0
2021-03-15,sz.002081,9.2,9.25,9.04,9.09,25978505,236995661.44,0.9957,-2.0474,0,0
2021-03-16,sz.002081,9.1,9.2,9.07,9.13,20191895,184398498.42,0.7739,0.44,0,0
2021-03-17,sz.002081,9.14,9.35,9.04,9.1,31002062,284424890.2,1.1882,-0.3286,0,0
2021-03-18,sz.002081,9.05,9.1,8.91,9.03,24515037,220834480.86,0.9396,-0.7692,0,0
2021-03-19,sz.002081,8.93,9.07,8.9,8.95,16279784,146000197.75,0.624,-0.8859,0,0
2021-03-22,sz.002081,8.9,9.06,8.9,9.0,17979931,161594729.42,0.6891,0.5587,0,0
2021-03-23,sz.002081,9.01,9.31,8.94,9.23,34934058,321810079.85,1.3389,2.5556,0,0
2021-03-24,sz.002081,9.24,9.39,9.17,9.23,22058728,204389326.99,0.8454,0.0,0,0
2021-03-25,sz.002081,9.21,9.26,9.03,9.1,15876935,144489856.52,0.6085,-1.4085,0,0
2021-03-26,sz.002081,9.1,9.33,9.03,9.28,27652100,254347301.06,1.0598,1.978,0,0
2021-03-29,sz.002081,9.29,9.35,9.15,9.3,20055619,186017654.42,0.7687,0.2155,0,0
2021-03-30,sz.002081,9.35,9.7,9.3,9.53,32827339,313515262.04,1.2582,2.4731,0,0
2021-03-31,sz.002081,9.5,9.5,9.35,9.46,15011012,141468096.52,0.5753,-0.7345,0,0
2021-04-01,sz.002081,9.7,9.85,9.48,9.66,29734530,288171033.45,1.1271,2.1142,0,0
2021-04-02,sz.002081,9.6,9.6,9.36,9.44,18490471,174872518.35,0.7009,-2.2774,0,0
2021-04-06,sz.002081,9.46,9.55,9.35,9.53,15804938,149213048.38,0.5991,0.9534,0,0
2021-04-07,sz.002081,9.44,9.48,9.34,9.4,14853353,139510768.04,0.563,-1.3641,0,0
2021-04-08,sz.002081,9.4,9.46,9.32,9.33,14041205,131752766.21,0.5322,-0.7447,0,0
2021-04-09,sz.002081,9.31,9.62,9.3,9.59,22211550,211007785.02,0.8419,2.7867,0,0
2021-04-12,sz.002081,9.6,9.88,9.56,9.71,25723567,250332198.03,0.975,1.2513,0,0
2021-04-13,sz.002081,9.75,9.77,9.36,9.4,19348762,183625406.48,0.7334,-3.1926,0,0
2021-04-14,sz.002081,9.35,9.65,9.33,9.59,16064946,152583909.4,0.6089,2.0213,0,0
2021-04-15,sz.002081,9.53,9.53,9.24,9.33,20596715,192600103.7,0.7807,-2.7112,0,0
2021-04-16,sz.002081,9.37,9.58,9.31,9.46,16056685,152315261.03,0.6086,1.3934,0,0
2021-04-19,sz.002081,9.48,9.59,9.36,9.4,23963600,225961545.9,0.9083,-0.6342,0,0
2021-04-20,sz.002081,9.38,9.38,9.15,9.23,22896021,211287590.11,0.8679,-1.8085,0,0
2021-04-21,sz.002081,9.19,9.26,9.16,9.21,8159938,75187326.41,0.3093,-0.2167,0,0
2021-04-22,sz.002081,9.24,9.27,9.13,9.19,12170517,111814650.95,0.4613,-0.2172,0,0
2021-04-23,sz.002081,9.27,9.27,9.03,9.09,14363850,130770177.39,0.5445,-1.0881,0,0
2021-04-26,sz.002081,9.11,9.11,8.88,8.91,18779007,168358944.68,0.7118,-1.9802,0,0
2021-04-27,sz.002081,8.87,9.0,8.85,8.91,9384985,83803992.86,0.3557,0.0,0,0
2021-04-28,sz.002081,8.88,9.11,8.88,9.11,12750056,114752191.74,0.4833,2.2447,0,0
2021-04-29,sz.002081,9.09,9.21,9.02,9.17,12752339,116607324.28,0.4834,0.6586,0,0
2021-04-30,sz.002081,9.07,9.31,9.02,9.25,22415905,207050481.86,0.8497,0.8724,0,0
2021-05-06,sz.002081,9.19,9.4,9.16,9.31,19185680,178816724.59,0.7272,0.6486,0,0
2021-05-07,sz.002081,9.34,9.38,9.21,9.25,15473981,143767807.2,0.5865,-0.6445,0,0
2021-05-10,sz.002081,9.21,9.22,9.01,9.14,19001764,173273474.62,0.7203,-1.1892,0,0
2021-05-11,sz.002081,9.13,9.36,9.1,9.33,20260494,187862257.71,0.768,2.0788,0,0
2021-05-12,sz.002081,9.33,9.46,9.27,9.38,15761211,147639128.85,0.5974,0.5359,0,0
2021-05-13,sz.002081,9.34,9.44,9.31,9.34,13112102,123089934.78,0.497,-0.4264,0,0
2021-05-14,sz.002081,9.39,9.45,9.28,9.34,15187325,141849543.93,0.5757,0.0,0,0
2021-05-17,sz.002081,9.33,9.39,9.11,9.19,19839929,183934935.12,0.752,-1.606,0,0
2021-05-18,sz.002081,9.18,9.21,9.0,9.18,16175337,147662946.94,0.6131,-0.1088,0,0
2021-05-19,sz.002081,9.18,9.19,9.01,9.03,14039953,126995137.7,0.5322,-1.634,0,0
2021-05-20,sz.002081,9.02,9.03,8.88,8.9,15931620,142170371.68,0.6039,-1.4396,0,0
2021-05-21,sz.002081,8.95,8.97,8.85,8.89,12283792,109267290.0,0.4656,-0.1124,0,0
2021-05-24,sz.002081,8.89,9.02,8.86,8.92,12421300,110923187.27,0.4708,0.3375,0,0
2021-05-25,sz.002081,8.9,8.96,8.8,8.94,15203622,135001753.0,0.5763,0.2242,0,0
2021-05-26,sz.002081,8.94,9.12,8.9,9.08,17742190,160205235.79,0.6725,1.566,0,0
2021-05-27,sz.002081,9.08,9.1,9.02,9.04,8702200,78806461.34,0.3299,-0.4405,0,0
2021-05-28,sz.002081,9.06,9.08,8.84,8.87,20068812,178734777.28,0.7607,-1.8805,0,0
2021-05-31,sz.002081,8.89,8.9,8.71,8.76,16504368,144654340.83,0.6256,-1.2401,0,0
2021-06-01,sz.002081,8.76,8.9,8.69,8.86,15319866,135022159.14,0.5807,1.1416,0,0
2021-06-02,sz.002081,8.87,8.87,8.76,8.81,11284720,99349301.7,0.4277,-0.5643,0,0
2021-06-03,sz.002081,8.67,8.67,8.51,8.52,12291216,105508347.16,0.4659,-1.0453,0,0
2021-06-04,sz.002081,8.5,8.51,8.28,8.3,24314056,202607389.27,0.9216,-2.5822,0,0
2021-06-07,sz.002081,8.2,8.25,7.86,7.96,56147895,448233703.47,2.1283,-4.0964,0,0
2021-06-08,sz.002081,8.0,8.09,7.97,8.01,19774589,158777991.98,0.7495,0.6281,0,0
2021-06-09,sz.002081,8.02,8.06,7.96,8.03,13155040,105393460.87,0.4986,0.2497,0,0
2021-06-10,sz.002081,8.05,8.08,8.01,8.02,13740091,110471339.32,0.5208,-0.1245,0,0
2021-06-11,sz.002081,8.04,8.08,8.01,8.03,13832484,111167827.31,0.5243,0.1247,0,0
2021-06-15,sz.002081,8.05,8.06,7.81,7.87,21978585,173317246.58,0.8331,-1.9925,0,0
2021-06-16,sz.002081,7.89,7.98,7.83,7.95,11511658,91226829.23,0.4363,1.0165,0,0
2021-06-17,sz.002081,7.98,8.06,7.95,7.98,12877588,103143225.97,0.4881,0.3774,0,0
2021-06-18,sz.002081,8.0,8.0,7.84,7.91,14359566,113432752.77,0.5443,-0.8772,0,0
2021-06-21,sz.002081,7.9,7.96,7.86,7.9,10313465,81501139.1,0.3909,-0.1264,0,0
2021-06-22,sz.002081,7.93,8.06,7.9,8.0,12103472,96859592.07,0.4588,1.2658,0,0
2021-06-23,sz.002081,8.01,8.09,7.92,8.09,16612731,133414415.36,0.6297,1.125,0,0
2021-06-24,sz.002081,8.09,8.12,8.03,8.09,12495777,100983956.1,0.4736,0.0,0,0
2021-06-25,sz.002081,8.11,8.24,8.07,8.13,19570609,159609693.71,0.7418,0.4944,0,0
2021-06-28,sz.002081,8.15,8.25,8.06,8.09,15346026,124876252.06,0.5817,-0.492,0,0
2021-06-29,sz.002081,8.08,8.13,7.92,7.94,17293530,138113832.9,0.6555,-1.8541,0,0
2021-06-30,sz.002081,7.9,7.98,7.89,7.92,11116400,88066972.22,0.4214,-0.2519,0,0
2021-07-01,sz.002081,7.93,8.02,7.86,7.94,11569097,91895643.09,0.4385,0.2525,0,0
2021-07-02,sz.002081,7.93,7.98,7.9,7.92,9291921,73588520.79,0.3522,-0.2519,0,0
2021-07-05,sz.002081,7.94,7.97,7.86,7.9,9127683,72025471.84,0.346,-0.2525,0,0
2021-07-06,sz.002081,7.92,7.98,7.87,7.95,11902668,94518336.44,0.4512,0.6329,0,0
2021-07-07,sz.002081,7.97,8.0,7.89,7.92,10018550,79274698.25,0.3797,-0.3774,0,0
2021-07-08,sz.002081,7.89,7.93,7.82,7.83,12810609,100700061.51,0.4856,-1.1364,0,0
2021-07-09,sz.002081,7.84,7.93,7.82,7.92,9987197,78681346.33,0.3786,1.1494,0,0
2021-07-12,sz.002081,8.0,8.09,7.89,7.91,16562363,131594789.58,0.6278,-0.1263,0,0
2021-07-13,sz.002081,7.89,7.97,7.84,7.96,14183151,112386607.48,0.5376,0.6321,0,0
2021-07-14,sz.002081,7.96,7.98,7.84,7.87,16442759,129611745.8,0.6233,-1.1307,0,0
2021-07-15,sz.002081,7.85,7.87,7.7,7.77,21563621,167099067.22,0.8174,-1.2706,0,0
2021-07-16,sz.002081,7.73,7.76,7.7,7.73,12953195,99974818.12,0.491,-0.5148,0,0
2021-07-19,sz.002081,7.73,7.73,7.29,7.33,42015457,311999839.69,1.5926,-5.1746,0,0
2021-07-20,sz.002081,7.25,7.3,7.13,7.26,27310916,196766784.74,1.0352,-0.955,0,0
2021-07-21,sz.002081,7.29,7.32,7.13,7.19,25706925,184823295.27,0.9744,-0.9642,0,0
2021-07-22,sz.002081,7.18,7.28,7.14,7.21,19523203,140696315.34,0.74,0.2782,0,0
2021-07-23,sz.002081,7.21,7.24,7.15,7.17,21248606,152430518.73,0.8054,-0.5548,0,0
2021-07-26,sz.002081,7.17,7.18,6.88,6.89,30349878,210720813.44,1.1504,-3.9052,0,0
2021-07-27,sz.002081,6.9,6.96,6.81,6.85,17921167,123579653.38,0.6793,-0.5806,0,0
2021-07-28,sz.002081,6.85,6.88,6.68,6.7,21515637,145367852.76,0.8156,-2.1898,0,0
2021-07-29,sz.002081,6.75,6.77,6.66,6.69,18365030,122893290.1,0.6961,-0.1493,0,0
2021-07-30,sz.002081,6.69,6.87,6.6,6.83,22258201,150588073.7,0.8437,2.0927,0,0
2021-08-02,sz.002081,6.81,6.94,6.71,6.83,25466457,174069129.76,0.9653,0.0,0,0
2021-08-03,sz.002081,6.85,6.96,6.82,6.92,23448444,162085748.56,0.8888,1.3177,0,0
2021-08-04,sz.002081,7.1,7.15,6.92,6.98,28622543,201001858.63,1.0849,0.8671,0,0
2021-08-05,sz.002081,6.93,6.97,6.81,6.85,16761073,115384632.81,0.6353,-1.8625,0,0
2021-08-06,sz.002081,6.82,6.89,6.76,6.87,11019946,74979362.4,0.4177,0.292,0,0
2021-08-09,sz.002081,6.83,7.04,6.81,7.0,22788931,158809871.09,0.8638,1.8923,0,0
2021-08-10,sz.002081,6.98,7.0,6.93,7.0,11194843,78043735.39,0.4243,0.0,0,0
2021-08-11,sz.002081,7.0,7.23,6.98,7.13,27529697,196300664.41,1.0435,1.8571,0,0
2021-08-12,sz.002081,7.1,7.14,7.04,7.06,15573250,110210583.49,0.5903,-0.9818,0,0
2021-08-13,sz.002081,7.05,7.08,6.94,6.97,16156716,112875803.25,0.6124,-1.2748,0,0
2021-08-16,sz.002081,6.97,7.15,6.97,7.12,21866344,155387117.8,0.8288,2.1521,0,0
2021-08-17,sz.002081,7.13,7.18,7.01,7.02,19030548,135021799.44,0.7214,-1.4045,0,0
2021-08-18,sz.002081,7.0,7.12,6.99,7.1,14748275,104361366.1,0.559,1.1396,0,0
2021-08-19,sz.002081,7.1,7.13,7.03,7.06,11941903,84257932.92,0.4527,-0.5634,0,0
2021-08-20,sz.002081,7.02,7.02,6.87,6.96,16079687,111397357.56,0.6095,-1.4164,0,0
2021-08-23,sz.002081,6.95,7.04,6.93,6.94,16214785,113014320.11,0.6146,-0.2874,0,0
2021-08-24,sz.002081,6.96,6.99,6.91,6.93,11134062,77237657.49,0.422,-0.1441,0,0
2021-08-25,sz.002081,6.93,6.96,6.89,6.95,10845568,75219648.74,0.4111,0.2886,0,0
2021-08-26,sz.002081,6.95,6.95,6.78,6.88,18141206,124413054.92,0.6876,-1.0072,0,0
2021-08-27,sz.002081,6.86,6.99,6.83,6.97,14020893,97230357.58,0.5315,1.3081,0,0
2021-08-30,sz.002081,6.97,7.03,6.93,6.98,17406420,121415062.0,0.6598,0.1435,0,0
2021-08-31,sz.002081,6.93,7.18,6.88,7.1,29715147,210300200.1,1.1264,1.7192,0,0
2021-09-01,sz.002081,7.09,7.36,7.06,7.28,41104626,297066010.87,1.5581,2.5352,0,0
2021-09-02,sz.002081,7.24,7.24,7.08,7.1,56528511,402879072.15,2.1427,-2.4725,0,0
2021-09-03,sz.002081,7.1,7.19,7.05,7.15,33763062,240752585.62,1.2798,0.7042,0,0
2021-09-06,sz.002081,7.18,7.2,7.1,7.13,24795739,177056824.04,0.9399,-0.2797,0,0
2021-09-07,sz.002081,7.12,7.15,7.11,7.13,26103621,186164783.46,0.9895,0.0,0,0
2021-09-08,sz.002081,7.14,7.22,7.12,7.18,31060642,222436947.25,1.1774,0.7013,0,0
2021-09-09,sz.002081,7.17,7.45,7.17,7.39,51879617,381078554.65,1.9665,2.9248,0,0
2021-09-10,sz.002081,7.38,7.46,7.29,7.31,38918240,286516441.3,1.4752,-1.0825,0,0
2021-09-13,sz.002081,7.29,7.32,7.22,7.23,29572943,214475277.62,1.121,-1.0944,0,0
2021-09-14,sz.002081,7.22,7.22,6.95,6.97,51272171,362550579.7,1.9435,-3.5961,0,0
2021-09-15,sz.002081,6.93,6.93,6.84,6.89,27190803,187105976.14,1.0307,-1.1478,0,0
2021-09-16,sz.002081,6.88,6.92,6.74,6.74,31401755,214114277.16,1.1903,-2.1771,0,0
2021-09-17,sz.002081,6.7,6.71,6.3,6.52,50860485,332357858.53,1.9279,-3.2641,0,0
2021-09-22,sz.002081,6.36,6.41,6.25,6.4,25858022,163628137.85,0.9802,-1.8405,0,0
2021-09-23,sz.002081,6.45,6.54,6.44,6.47,17861510,115871303.35,0.677,1.0938,0,0
2021-09-24,sz.002081,6.49,6.51,6.37,6.4,13296931,85320918.24,0.504,-1.0819,0,0
2021-09-27,sz.002081,6.4,6.45,6.37,6.41,14009336,89625215.93,0.531,0.1563,0,0
2021-09-28,sz.002081,6.43,6.49,6.41,6.47,10881712,70264108.33,0.4125,0.936,0,0
2021-09-29,sz.002081,6.45,6.47,6.37,6.38,11856044,75927030.0,0.4494,-1.391,0,0
2021-09-30,sz.002081,6.42,6.44,6.3,6.31,17076268,108248271.62,0.6473,-1.0972,0,0
2021-10-08,sz.002081,6.33,6.39,6.33,6.39,12534674,79817088.54,0.4751,1.2678,0,0
2021-10-11,sz.002081,6.38,6.47,6.38,6.45,12311807,79230014.82,0.4667,0.939,0,0
2021-10-12,sz.002081,6.45,6.47,6.36,6.4,14127370,90471726.08,0.5355,-0.7752,0,0
2021-10-13,sz.002081,6.4,6.42,6.34,6.4,9422569,60118014.91,0.3572,0.0,0,0
2021-10-14,sz.002081,6.41,6.43,6.38,6.41,7334386,46944494.9,0.278,0.1563,0,0
2021-10-15,sz.002081,6.4,6.41,6.28,6.3,16643847,105227981.01,0.6309,-1.7161,0,0
2021-10-18,sz.002081,6.3,6.32,6.08,6.1,20736630,127066433.95,0.786,-3.1746,0,0
2021-10-19,sz.002081,6.1,6.14,6.05,6.11,10220821,62288560.58,0.3874,0.1639,0,0
2021-10-20,sz.002081,6.1,6.14,6.08,6.12,7318716,44740037.57,0.2774,0.1637,0,0
2021-10-21,sz.002081,6.11,6.25,6.08,6.25,10587604,64956149.72,0.4013,2.1242,0,0
2021-10-22,sz.002081,6.22,6.48,6.19,6.36,23029440,146615603.25,0.8729,1.76,0,0
2021-10-25,sz.002081,6.37,6.37,6.21,6.27,10488454,65574990.66,0.3976,-1.4151,0,0
2021-10-26,sz.002081,6.27,6.29,6.12,6.13,11787450,72828408.0,0.4468,-2.2329,0,0
2021-10-27,sz.002081,6.1,6.13,5.83,5.84,31049782,184360044.72,1.1769,-4.7308,0,0
2021-10-28,sz.002081,5.84,5.97,5.66,5.95,19145363,110860753.77,0.7257,1.8836,0,0
2021-10-29,sz.002081,5.92,5.99,5.82,5.97,10997504,65204174.99,0.4169,0.3361,0,0
2021-11-01,sz.002081,5.94,6.0,5.89,5.96,11486897,68336340.65,0.4354,-0.1675,0,0
2021-11-02,sz.002081,5.98,6.0,5.68,5.69,29327683,169842051.35,1.1117,-4.5302,0,0
2021-11-03,sz.002081,5.68,5.71,5.61,5.65,23713450,133951517.6,0.8989,-0.703,0,0
2021-11-04,sz.002081,5.65,5.7,5.61,5.67,16436262,92835220.8,0.623,0.354,0,0
2021-11-05,sz.002081,5.65,5.67,5.6,5.62,13451334,75647933.3,0.5099,-0.8818,0,0
2021-11-08,sz.002081,5.62,5.65,5.6,5.64,9632612,54220855.86,0.3651,0.3559,0,0
2021-11-09,sz.002081,5.64,5.67,5.63,5.65,8639847,48836013.17,0.3275,0.1773,0,0
2021-11-10,sz.002081,5.67,5.75,5.59,5.73,16477996,93279677.12,0.6246,1.4159,0,0
2021-11-11,sz.002081,5.69,5.91,5.69,5.88,26545186,155405922.88,1.0062,2.6178,0,0
2021-11-12,sz.002081,5.88,5.89,5.78,5.83,13105563,76377164.09,0.4968,-0.8503,0,0
2021-11-15,sz.002081,5.84,5.91,5.83,5.88,12308943,72213673.12,0.4666,0.8576,0,0
2021-11-16,sz.002081,5.86,5.88,5.8,5.8,10896723,63652288.55,0.413,-1.3605,0,0
2021-11-17,sz.002081,5.8,5.84,5.77,5.8,8737468,50699651.68,0.3312,0.0,0,0
2021-11-18,sz.002081,5.79,5.82,5.71,5.71,9566592,55002793.32,0.3626,-1.5517,0,0
2021-11-19,sz.002081,5.7,5.8,5.69,5.79,10280062,59112458.12,0.3897,1.4011,0,0
2021-11-22,sz.002081,5.8,5.87,5.75,5.84,13952722,81181223.09,0.5289,0.8636,0,0
2021-11-23,sz.002081,5.82,5.86,5.81,5.83,8716850,50877341.83,0.3304,-0.1712,0,0
2021-11-24,sz.002081,5.83,5.9,5.81,5.9,11660317,68419011.0,0.442,1.2007,0,0
2021-11-25,sz.002081,5.89,5.91,5.84,5.85,7824300,45889872.31,0.2966,-0.8475,0,0
2021-11-26,sz.002081,5.85,5.85,5.77,5.79,7945749,46102887.12,0.3012,-1.0256,0,0
2021-11-29,sz.002081,5.76,5.77,5.7,5.72,8335849,47753133.28,0.316,-1.209,0,0
2021-11-30,sz.002081,5.72,5.77,5.68,5.68,17722556,101240983.32,0.6718,-0.6993,0,0
2021-12-01,sz.002081,5.68,5.82,5.67,5.81,14784417,85421794.5,0.5604,2.2887,0,0
2021-12-02,sz.002081,5.85,5.86,5.78,5.8,12641440,73493288.35,0.4792,-0.1721,0,0
2021-12-03,sz.002081,5.8,5.82,5.75,5.78,13179829,76086941.21,0.4996,-0.3448,0,0
2021-12-06,sz.002081,5.78,5.86,5.73,5.73,19303960,111937897.82,0.7317,-0.8651,0,0
2021-12-07,sz.002081,5.77,5.97,5.76,5.93,44667444,263085297.78,1.6931,3.4904,0,0
2021-12-08,sz.002081,5.94,5.95,5.84,5.86,23527909,138114792.99,0.8918,-1.1804,0,0
2021-12-09,sz.002081,5.95,6.19,5.92,6.01,54529225,329752822.47,2.0669,2.5597,0,0
2021-12-10,sz.002081,5.97,6.02,5.92,5.97,23359135,139289693.16,0.8854,-0.6656,0,0
2021-12-13,sz.002081,6.02,6.04,5.95,5.98,25637167,153443819.45,0.9718,0.1675,0,0
2021-12-14,sz.002081,5.98,5.98,5.89,5.92,16950451,100227429.21,0.6425,-1.0033,0,0
2021-12-15,sz.002081,5.92,5.99,5.9,5.93,13939445,82996614.18,0.5284,0.1689,0,0
2021-12-16,sz.002081,5.96,6.0,5.93,5.99,17775133,106185041.31,0.6738,1.0118,0,0
2021-12-17,sz.002081,5.98,6.13,5.96,6.06,25856030,156542377.1,0.9801,1.1686,0,0
2021-12-20,sz.002081,6.05,6.09,5.98,6.06,21037984,127067972.44,0.7974,0.0,0,0
2021-12-21,sz.002081,6.07,6.29,6.07,6.27,47878647,298080379.77,1.8148,3.4653,0,0
2021-12-22,sz.002081,6.26,6.29,6.14,6.2,32132504,198918559.75,1.218,-1.1164,0,0
2021-12-23,sz.002081,6.18,6.2,6.09,6.12,19832485,121443091.2,0.7518,-1.2903,0,0
2021-12-24,sz.002081,6.12,6.15,6.02,6.11,17185255,104588048.9,0.6514,-0.1634,0,0
2021-12-27,sz.002081,6.12,6.14,6.08,6.14,14588836,89258564.32,0.553,0.491,0,0
2021-12-28,sz.002081,6.15,6.17,6.06,6.09,14975009,91132734.72,0.5676,-0.8143,0,0
2021-12-29,sz.002081,6.09,6.09,6.04,6.07,11256385,68283909.4,0.4267,-0.3284,0,0
2021-12-30,sz.002081,6.05,6.09,6.03,6.05,16548873,100157250.92,0.6273,-0.3295,0,0
2021-12-31,sz.002081,6.05,6.1,6.04,6.08,14894643,90519235.96,0.5646,0.4959,0,0
2022-01-04,sz.002081,6.08,6.2,6.03,6.19,29036276,178605090.37,1.1006,1.8092,0,0
2022-01-05,sz.002081,6.19,6.24,6.12,6.23,23928574,147808776.79,0.907,0.6462,0,0
2022-01-06,sz.002081,6.2,6.35,6.17,6.32,38766565,243767546.91,1.4695,1.4446,0,0
2022-01-07,sz.002081,6.37,6.56,6.28,6.29,49989325,320403301.83,1.8949,-0.4747,0,0
2022-01-10,sz.002081,6.28,6.38,6.25,6.32,26526939,167133795.33,1.0055,0.4769,0,0
2022-01-11,sz.002081,6.29,6.32,6.22,6.24,22140891,138673387.51,0.8393,-1.2658,0,0
2022-01-12,sz.002081,6.25,6.28,6.18,6.23,18409629,114503569.32,0.6978,-0.1603,0,0
2022-01-13,sz.002081,6.23,6.3,6.19,6.25,19050134,119112562.79,0.7221,0.321,0,0
2022-01-14,sz.002081,6.21,6.22,6.02,6.05,32690350,199281625.68,1.2391,-3.2,0,0
2022-01-17,sz.002081,6.01,6.14,5.96,6.09,26368565,159715067.64,0.9995,0.6612,0,0
2022-01-18,sz.002081,6.13,6.16,6.05,6.09,17988501,109639105.7,0.6819,0.0,0,0
2022-01-19,sz.002081,6.08,6.34,6.06,6.21,37691573,234924532.66,1.4287,1.9704,0,0
2022-01-20,sz.002081,6.21,6.28,6.18,6.23,21442030,133771622.1,0.8128,0.3221,0,0
2022-01-21,sz.002081,6.22,6.23,6.08,6.09,18718500,114744772.0,0.7095,-2.2472,0,0
2022-01-24,sz.002081,6.06,6.15,5.98,6.06,13779487,83603593.19,0.5223,-0.4926,0,0
2022-01-25,sz.002081,6.06,6.06,5.82,5.82,23092947,136620056.3,0.8753,-3.9604,0,0
2022-01-26,sz.002081,5.86,5.9,5.81,5.88,12384679,72574337.38,0.4694,1.0309,0,0
2022-01-27,sz.002081,5.87,5.87,5.74,5.78,12969267,75234802.89,0.4916,-1.7007,0,0
2022-01-28,sz.002081,5.85,5.85,5.74,5.77,12070085,69855231.49,0.4575,-0.173,0,0
2022-02-07,sz.002081,5.25,5.74,5.21,5.53,59422923,319616075.41,2.2524,-4.1594,0,0
2022-02-08,sz.002081,5.66,5.92,5.52,5.92,43991136,254489935.56,1.6675,7.0524,0,0
2022-02-09,sz.002081,5.85,5.96,5.81,5.9,27893086,164884965.34,1.0573,-0.3378,0,0
2022-02-10,sz.002081,5.9,6.04,5.85,6.0,22540845,134686368.28,0.8544,1.6949,0,0
2022-02-11,sz.002081,5.96,6.03,5.85,5.86,20899895,123625338.59,0.7922,-2.3333,0,0
2022-02-14,sz.002081,5.84,5.89,5.75,5.78,17081711,99238120.02,0.6475,-1.3652,0,0
2022-02-15,sz.002081,5.76,5.8,5.73,5.78,14961479,86130937.82,0.5671,0.0,0,0
2022-02-16,sz.002081,5.81,5.99,5.79,5.97,16847243,99772053.51,0.6386,3.2872,0,0
2022-02-17,sz.002081,6.0,6.1,5.94,6.02,20582521,123914165.45,0.7802,0.8375,0,0
2022-02-18,sz.002081,5.98,6.08,5.91,6.07,16415270,98915477.11,0.6222,0.8306,0,0
2022-02-21,sz.002081,6.04,6.14,5.97,6.13,19747024,119777946.63,0.7485,0.9885,0,0
2022-02-22,sz.002081,6.09,6.15,6.04,6.08,16216323,98761935.32,0.6147,-0.8157,0,0
2022-02-23,sz.002081,6.1,6.1,5.98,6.0,16513464,99414779.34,0.6259,-1.3158,0,0
2022-02-24,sz.002081,5.98,6.04,5.86,5.91,22008553,130766469.69,0.8342,-1.5,0,0
2022-02-25,sz.002081,5.92,6.01,5.89,5.92,17200146,102187962.7,0.652,0.1692,0,0
2022-02-28,sz.002081,5.9,5.92,5.84,5.86,13904854,81574740.0,0.5271,-1.0135,0,0
2022-03-01,sz.002081,5.87,5.96,5.86,5.95,11405329,67449386.0,0.4323,1.5358,0,0
2022-03-02,sz.002081,5.92,6.0,5.91,5.94,7648458,45492527.0,0.2899,-0.1681,0,0
2022-03-03,sz.002081,5.95,5.99,5.9,5.9,9716842,57614416.0,0.3683,-0.6734,0,0
2022-03-04,sz.002081,5.9,5.91,5.78,5.78,13980969,81383606.0,0.5299,-2.0339,0,0
2022-03-07,sz.002081,5.78,5.82,5.69,5.7,11325200,65100232.0,0.4293,-1.3841,0,0
2022-03-08,sz.002081,5.7,5.73,5.5,5.5,15600573,87201099.0,0.5913,-3.5088,0,0
2022-03-09,sz.002081,5.55,5.56,5.2,5.31,29861668,159681623.0,1.1319,-3.4545,0,0
2022-03-10,sz.002081,5.46,5.47,5.33,5.38,16469587,88716794.0,0.6243,1.3183,0,0
2022-03-11,sz.002081,5.34,5.43,5.15,5.4,14578667,77208882.0,0.5526,0.3717,0,0
2022-03-14,sz.002081,5.36,5.46,5.29,5.29,12898036,69320681.0,0.4889,-2.037,0,0
2022-03-15,sz.002081,5.28,5.28,4.93,4.93,24288677,124000349.0,0.9207,-6.8053,0,0
2022-03-16,sz.002081,5.03,5.06,4.77,5.04,23731266,116959531.0,0.8995,2.2312,0,0
2022-03-17,sz.002081,5.1,5.26,5.09,5.14,19262166,99373027.0,0.7301,1.9841,0,0
2022-03-18,sz.002081,5.14,5.32,5.09,5.29,19533301,102579502.01,0.7404,2.9183,0,0
2022-03-21,sz.002081,5.32,5.36,5.19,5.28,17375064,91416144.67,0.6586,-0.189,0,0
2022-03-22,sz.002081,5.3,5.8,5.22,5.68,55157431,306618794.4,2.0907,7.5758,0,0
2022-03-23,sz.002081,5.55,5.62,5.4,5.58,42280612,233289369.3,1.6027,-1.7606,0,0
2022-03-24,sz.002081,5.52,5.63,5.45,5.46,20682940,114242351.92,0.784,-2.1505,0,0
2022-03-25,sz.002081,5.45,5.49,5.38,5.39,14942690,81135720.84,0.5664,-1.2821,0,0
2022-03-28,sz.002081,5.37,5.47,5.3,5.41,12169371,65498336.28,0.4613,0.3711,0,0
2022-03-29,sz.002081,5.4,5.41,5.27,5.3,12058455,64219830.23,0.4571,-2.0333,0,0
2022-03-30,sz.002081,5.31,5.59,5.3,5.51,21466821,117045627.33,0.8137,3.9623,0,0
2022-03-31,sz.002081,5.45,5.59,5.44,5.47,18398574,101615909.26,0.6974,-0.726,0,0
2022-04-01,sz.002081,5.42,5.5,5.38,5.5,16596220,90238819.9,0.6291,0.5484,0,0
2022-04-06,sz.002081,5.5,5.74,5.49,5.7,32094489,181012051.24,1.2165,3.6364,0,0
2022-04-07,sz.002081,5.75,5.75,5.59,5.6,26090027,147392728.56,0.9889,-1.7544,0,0
2022-04-08,sz.002081,5.66,5.73,5.57,5.68,22752669,128829510.38,0.8624,1.4286,0,0
2022-04-11,sz.002081,5.65,5.8,5.56,5.58,30019371,169911161.9,1.1379,-1.7606,0,0
2022-04-12,sz.002081,5.57,5.67,5.41,5.64,20254371,112431840.03,0.7677,1.0753,0,0
2022-04-13,sz.002081,5.59,5.63,5.45,5.45,16474166,90598138.2,0.6245,-3.3688,0,0
2022-04-14,sz.002081,5.46,5.56,5.43,5.46,14193700,77828498.0,0.538,0.1835,0,0
2022-04-15,sz.002081,5.4,5.47,5.34,5.37,16425961,88779410.47,0.6226,-1.6484,0,0
2022-04-18,sz.002081,5.34,5.34,5.22,5.24,12653915,66650150.45,0.4796,-2.4209,0,0
2022-04-19,sz.002081,5.24,5.26,5.13,5.21,13727515,71349937.17,0.5203,-0.5725,0,0
2022-04-20,sz.002081,5.2,5.23,5.07,5.08,14798660,76060895.89,0.5609,-2.4952,0,0
2022-04-21,sz.002081,5.07,5.08,4.9,4.9,16250658,81225754.08,0.616,-3.5433,0,0
2022-04-22,sz.002081,4.91,5.01,4.83,4.96,14506795,71711187.73,0.5499,1.2245,0,0
2022-04-25,sz.002081,4.94,4.96,4.77,4.79,20103646,97890797.49,0.762,-3.4274,0,0
2022-04-26,sz.002081,4.82,4.85,4.61,4.62,17887244,84451893.11,0.678,-3.5491,0,0
2022-04-27,sz.002081,4.6,4.74,4.56,4.73,16988046,79176905.78,0.6439,2.381,0,0
2022-04-28,sz.002081,4.69,4.72,4.55,4.65,14062144,65257894.78,0.533,-1.6913,0,0
2022-04-29,sz.002081,4.65,4.8,4.65,4.76,16923727,80150751.16,0.6415,2.3656,0,0
2022-05-05,sz.002081,4.9,5.24,4.88,5.24,22691626,115896570.0,0.8601,10.084,1,0
2022-05-06,sz.002081,5.24,5.46,5.17,5.2,52039415,277000529.87,1.9726,-0.7634,0,0
2022-05-09,sz.002081,5.26,5.42,5.2,5.37,35685635,190815743.7,1.3527,3.2692,0,0
2022-05-10,sz.002081,5.3,5.48,5.28,5.45,36028814,193904790.85,1.3657,1.4898,0,0
2022-05-11,sz.002081,5.46,5.49,5.3,5.31,26972039,145069149.6,1.0224,-2.5688,0,0
2022-05-12,sz.002081,5.27,5.41,5.25,5.35,23747110,126932609.21,0.9001,0.7533,0,0
2022-05-13,sz.002081,5.37,5.4,5.32,5.37,19417873,104139685.76,0.736,0.3738,0,0
2022-05-16,sz.002081,5.45,5.46,5.26,5.3,19483540,103723076.5,0.7385,-1.3035,0,0
2022-05-17,sz.002081,5.3,5.35,5.16,5.22,18501895,96552486.78,0.7013,-1.5094,0,0
2022-05-18,sz.002081,5.23,5.24,5.16,5.18,15980100,83084991.0,0.6057,-0.7663,0,0
2022-05-19,sz.002081,5.11,5.29,5.09,5.27,20970383,109543507.3,0.7949,1.7375,0,0
2022-05-20,sz.002081,5.3,5.32,5.22,5.27,18735256,98517353.88,0.7102,0.0,0,0
2022-05-23,sz.002081,5.25,5.28,5.21,5.24,11179382,58559620.55,0.4238,-0.5693,0,0
2022-05-24,sz.002081,5.26,5.27,4.97,4.98,23761530,121127328.39,0.9007,-4.9618,0,0
2022-05-25,sz.002081,4.98,5.05,4.97,5.04,10741369,53953993.48,0.4072,1.2048,0,0
2022-05-26,sz.002081,5.04,5.16,5.03,5.11,14728810,75155534.71,0.5583,1.3889,0,0
2022-05-27,sz.002081,5.11,5.15,5.05,5.1,10567523,53965850.38,0.4006,-0.1957,0,0
2022-05-30,sz.002081,5.13,5.13,5.02,5.06,10751571,54467325.78,0.4075,-0.7843,0,0
2022-05-31,sz.002081,5.06,5.11,4.99,5.1,12166758,61427108.68,0.4612,0.7905,0,0
2022-06-01,sz.002081,5.09,5.09,4.97,5.01,21944633,110284535.85,0.8318,-1.7647,0,0
2022-06-02,sz.002081,5.0,5.02,4.94,5.0,15824368,78850340.55,0.5998,-0.1996,0,0
2022-06-06,sz.002081,5.02,5.06,4.97,5.05,15673985,78667731.48,0.5941,1.0,0,0
2022-06-07,sz.002081,5.07,5.08,4.99,5.03,12607652,63304370.66,0.4779,-0.396,0,0
2022-06-08,sz.002081,5.04,5.07,4.96,5.02,15859561,79536618.97,0.6012,-0.1988,0,0
2022-06-09,sz.002081,5.02,5.06,4.97,4.98,12595414,63026360.8,0.4774,-0.7968,0,0
2022-06-10,sz.002081,4.96,5.05,4.94,5.04,13284155,66479412.2,0.5035,1.2048,0,0
2022-06-13,sz.002081,5.0,5.04,4.94,4.98,16101721,80015289.11,0.6103,-1.1905,0,0
2022-06-14,sz.002081,4.95,5.0,4.85,5.0,15453019,76066056.83,0.5857,0.4016,0,0
2022-06-15,sz.002081,4.99,5.12,4.99,5.07,26475570,134198329.09,1.0036,1.4,0,0
2022-06-16,sz.002081,5.08,5.12,5.05,5.07,14313923,72770207.2,0.5426,0.0,0,0
2022-06-17,sz.002081,5.05,5.08,4.97,5.08,14028297,70680819.02,0.5317,0.1972,0,0
2022-06-20,sz.002081,5.09,5.16,5.07,5.15,18348843,94219629.93,0.6955,1.378,0,0
2022-06-21,sz.002081,5.18,5.25,5.12,5.18,19568821,101517454.15,0.7418,0.5825,0,0
2022-06-22,sz.002081,5.16,5.18,5.05,5.06,12958524,66052980.89,0.4912,-2.3166,0,0
2022-06-23,sz.002081,5.05,5.1,5.01,5.09,11399685,57652817.12,0.4321,0.5929,0,0
2022-06-24,sz.002081,5.1,5.1,5.05,5.08,10030340,50933857.8,0.3802,-0.1965,0,0
2022-06-27,sz.002081,5.1,5.12,5.06,5.06,12266905,62344105.8,0.465,-0.3937,0,0
2022-06-28,sz.002081,5.09,5.12,5.03,5.12,12292780,62485038.17,0.466,1.1858,0,0
2022-06-29,sz.002081,5.1,5.19,5.07,5.15,19244973,99057545.14,0.7295,0.5859,0,0
2022-06-30,sz.002081,5.17,5.2,5.07,5.08,28648174,146899032.12,1.0859,-1.3592,0,0
2022-07-01,sz.002081,5.1,5.24,5.06,5.11,23316814,120144219.18,0.8838,0.5906,0,0
2022-07-04,sz.002081,5.11,5.13,5.07,5.12,14773221,75370275.03,0.56,0.1957,0,0
2022-07-05,sz.002081,5.14,5.15,5.02,5.07,18629256,94518923.52,0.7061,-0.9766,0,0
2022-07-06,sz.002081,5.08,5.08,4.91,4.96,18844915,93656640.6,0.7143,-2.1696,0,0
2022-07-07,sz.002081,4.98,5.03,4.96,4.96,11434063,57007449.65,0.4334,0.0,0,0
2022-07-08,sz.002081,4.97,5.02,4.96,4.98,7787358,38858932.84,0.2952,0.4032,0,0
2022-07-11,sz.002081,4.96,5.0,4.93,4.98,9205325,45680807.5,0.3489,0.0,0,0
2022-07-12,sz.002081,4.96,5.02,4.93,5.0,10632082,53029146.24,0.403,0.4016,0,0
2022-07-13,sz.002081,4.98,5.08,4.97,5.06,13338320,67285798.07,0.5056,1.2,0,0
2022-07-14,sz.002081,5.06,5.06,4.96,4.97,13400417,66827161.32,0.5079,-1.7787,0,0
2022-07-15,sz.002081,4.95,4.96,4.78,4.78,20546383,99471734.49,0.7788,-3.8229,0,0
2022-07-18,sz.002081,4.8,4.89,4.78,4.87,11569514,56195981.59,0.4385,1.8828,0,0
2022-07-19,sz.002081,4.87,4.91,4.84,4.9,10233804,49919494.81,0.3879,0.616,0,0
2022-07-20,sz.002081,4.93,4.93,4.89,4.91,9282722,45603345.44,0.3519,0.2041,0,0
2022-07-21,sz.002081,4.92,4.95,4.88,4.88,8239968,40438378.52,0.3123,-0.611,0,0
2022-07-22,sz.002081,4.89,4.92,4.84,4.89,8942062,43662323.86,0.3389,0.2049,0,0
2022-07-25,sz.002081,4.88,4.94,4.85,4.86,8138092,39753837.22,0.3085,-0.6135,0,0
2022-07-26,sz.002081,4.87,5.01,4.85,4.98,12801074,63262440.17,0.4856,2.4691,0,0
2022-07-27,sz.002081,4.99,5.01,4.96,4.97,8558227,42678480.16,0.3247,-0.2008,0,0
2022-07-28,sz.002081,5.0,5.01,4.95,4.95,8355894,41588134.58,0.317,-0.4024,0,0
2022-07-29,sz.002081,4.98,4.99,4.91,4.92,7205489,35659333.88,0.2734,-0.6061,0,0
2022-08-01,sz.002081,4.93,4.93,4.83,4.84,12466618,60568906.34,0.4729,-1.626,0,0
2022-08-02,sz.002081,4.81,4.82,4.61,4.69,19070794,89253266.14,0.7235,-3.0992,0,0
2022-08-03,sz.002081,4.7,4.75,4.61,4.62,13519993,63071523.81,0.5129,-1.4925,0,0
2022-08-04,sz.002081,4.63,4.66,4.59,4.63,10759548,49728896.76,0.4082,0.2165,0,0
2022-08-05,sz.002081,4.63,4.77,4.63,4.74,11621621,54564190.49,0.4409,2.3758,0,0
2022-08-08,sz.002081,4.73,4.78,4.69,4.77,9147778,43473819.58,0.347,0.6329,0,0
2022-08-09,sz.002081,4.76,4.84,4.72,4.79,8483800,40577352.0,0.3218,0.4193,0,0
2022-08-10,sz.002081,4.8,4.84,4.74,4.83,8320610,39979883.22,0.3157,0.8351,0,0
2022-08-11,sz.002081,4.86,4.95,4.83,4.93,13336384,65302887.03,0.5059,2.0704,0,0
2022-08-12,sz.002081,4.93,4.97,4.89,4.95,8761086,43342955.84,0.3324,0.4057,0,0
2022-08-15,sz.002081,4.94,4.99,4.87,4.98,10973260,54394118.52,0.4163,0.6061,0,0
2022-08-16,sz.002081,4.97,5.07,4.94,5.04,17650007,88844825.69,0.6696,1.2048,0,0
2022-08-17,sz.002081,5.04,5.09,5.03,5.08,14878601,75379331.54,0.5644,0.7937,0,0
2022-08-18,sz.002081,5.07,5.09,4.97,5.02,12397345,62074498.0,0.4703,-1.1811,0,0
2022-08-19,sz.002081,5.02,5.04,4.97,5.0,11380387,56990076.22,0.4317,-0.3984,0,0
2022-08-22,sz.002081,5.02,5.05,4.99,5.03,9235531,46400941.63,0.3504,0.6,0,0
2022-08-23,sz.002081,5.0,5.03,4.96,5.0,9232410,46011426.84,0.3502,-0.5964,0,0
2022-08-24,sz.002081,5.04,5.05,4.89,4.9,11723136,57867970.34,0.4447,-2.0,0,0
2022-08-25,sz.002081,4.94,4.95,4.88,4.94,8035095,39474404.02,0.3048,0.8163,0,0
2022-08-26,sz.002081,4.96,4.98,4.9,4.91,7961450,39250271.32,0.302,-0.6073,0,0
2022-08-29,sz.002081,4.87,5.04,4.84,5.03,14798104,73669274.58,0.5614,2.444,0,0
2022-08-30,sz.002081,5.04,5.11,5.0,5.1,14548849,73727127.44,0.5519,1.3917,0,0
2022-08-31,sz.002081,5.06,5.08,5.01,5.02,11302315,56905031.79,0.4288,-1.5686,0,0
2022-09-01,sz.002081,5.03,5.05,4.9,4.92,15006352,74521619.52,0.5693,-1.992,0,0
2022-09-02,sz.002081,4.98,5.14,4.97,5.04,25422990,128664796.86,0.9645,2.439,0,0
2022-09-05,sz.002081,5.04,5.12,5.02,5.07,17476980,88589498.42,0.663,0.5952,0,0
2022-09-06,sz.002081,5.09,5.15,5.05,5.13,17863587,91387396.75,0.6777,1.1834,0,0
2022-09-07,sz.002081,5.1,5.13,5.05,5.12,13462675,68450301.88,0.5107,-0.1949,0,0
2022-09-08,sz.002081,5.13,5.15,5.04,5.07,12782773,64786037.79,0.4849,-0.9766,0,0
2022-09-09,sz.002081,5.05,5.12,5.05,5.11,15624114,79553431.04,0.5927,0.789,0,0
2022-09-13,sz.002081,5.11,5.15,5.06,5.08,13960404,71172094.9,0.5296,-0.5871,0,0
2022-09-14,sz.002081,5.0,5.09,4.99,5.03,11504047,57893261.83,0.4364,-0.9843,0,0
2022-09-15,sz.002081,5.06,5.2,5.01,5.09,24075614,122822720.46,0.9134,1.1928,0,0
2022-09-16,sz.002081,5.09,5.1,4.85,4.86,22632083,112032083.97,0.8586,-4.5187,0,0
2022-09-19,sz.002081,4.85,4.87,4.73,4.77,13572870,65027188.9,0.5149,-1.8519,0,0
2022-09-20,sz.002081,4.81,4.89,4.75,4.77,12730038,61154617.08,0.4829,0.0,0,0
2022-09-21,sz.002081,4.76,4.86,4.71,4.83,9535707,45695140.4,0.3618,1.2579,0,0
2022-09-22,sz.002081,4.81,4.86,4.74,4.74,11041505,52663413.9,0.4189,-1.8634,0,0
2022-09-23,sz.002081,4.75,4.87,4.71,4.78,12319911,59001151.01,0.4674,0.8439,0,0
2022-09-26,sz.002081,4.74,4.75,4.62,4.64,14048391,65740459.72,0.533,-2.9289,0,0
2022-09-27,sz.002081,4.62,4.73,4.62,4.71,10163162,47537907.49,0.3856,1.5086,0,0
2022-09-28,sz.002081,4.69,4.77,4.67,4.68,11969697,56452264.7,0.4541,-0.6369,0,0
2022-09-29,sz.002081,4.71,4.73,4.5,4.52,17647212,81100005.96,0.6695,-3.4188,0,0
2022-09-30,sz.002081,4.52,4.61,4.51,4.52,11227115,51123298.05,0.4259,0.0,0,0
2022-10-10,sz.002081,4.54,4.6,4.48,4.49,11044238,50076325.02,0.419,-0.6637,0,0
2022-10-11,sz.002081,4.49,4.51,4.36,4.46,11011627,48857717.23,0.4177,-0.6682,0,0
2022-10-12,sz.002081,4.47,4.54,4.39,4.54,9196374,41122694.06,0.3489,1.7937,0,0
2022-10-13,sz.002081,4.53,4.54,4.48,4.5,7920769,35689189.42,0.3005,-0.8811,0,0
2022-10-14,sz.002081,4.53,4.59,4.51,4.55,10189456,46444050.76,0.3866,1.1111,0,0
2022-10-17,sz.002081,4.53,4.61,4.5,4.58,10299614,47053045.27,0.3907,0.6593,0,0
2022-10-18,sz.002081,4.6,4.6,4.55,4.57,7288914,33336956.84,0.2765,-0.2183,0,0
2022-10-19,sz.002081,4.56,4.59,4.51,4.52,7228383,32827220.3,0.2742,-1.0941,0,0
2022-10-20,sz.002081,4.51,4.53,4.45,4.45,11754150,52679691.5,0.4459,-1.5487,0,0
2022-10-21,sz.002081,4.47,4.53,4.46,4.49,8211501,36918486.09,0.3115,0.8989,0,0
2022-10-24,sz.002081,4.49,4.53,4.32,4.36,14027273,61828804.01,0.5322,-2.8953,0,0
2022-10-25,sz.002081,4.35,4.38,4.27,4.36,10213400,44176615.02,0.3875,0.0,0,0
2022-10-26,sz.002081,4.36,4.44,4.35,4.41,8731299,38480021.98,0.3312,1.1468,0,0
2022-10-27,sz.002081,4.42,4.48,4.39,4.47,8236680,36691228.8,0.3125,1.3605,0,0
2022-10-28,sz.002081,4.47,4.49,4.32,4.35,9923421,43526703.77,0.3765,-2.6846,0,0
2022-10-31,sz.002081,4.32,4.43,4.32,4.4,10312017,45218036.21,0.3912,1.1494,0,0
2022-11-01,sz.002081,4.41,4.49,4.4,4.49,10073253,44951334.18,0.3821,2.0455,0,0
2022-11-02,sz.002081,4.51,4.52,4.46,4.5,8853355,39822984.23,0.3359,0.2227,0,0
2022-11-03,sz.002081,4.46,4.51,4.46,4.48,7016319,31469652.43,0.2662,-0.4444,0,0
2022-11-04,sz.002081,4.47,4.56,4.47,4.53,9997359,45257352.18,0.3793,1.1161,0,0
2022-11-07,sz.002081,4.53,4.61,4.53,4.6,10667943,48798542.28,0.4047,1.5453,0,0
2022-11-08,sz.002081,4.6,4.61,4.55,4.59,7520877,34408230.09,0.2853,-0.2174,0,0
2022-11-09,sz.002081,4.59,4.64,4.58,4.6,9040382,41627847.53,0.343,0.2179,0,0
2022-11-10,sz.002081,4.58,4.63,4.55,4.62,8230336,37881205.61,0.3122,0.4348,0,0
2022-11-11,sz.002081,4.69,4.8,4.67,4.74,19511568,92332694.93,0.7402,2.5974,0,0
2022-11-14,sz.002081,4.97,5.2,4.8,4.94,60379441,304008306.56,2.2906,4.2194,0,0
2022-11-15,sz.002081,4.88,5.15,4.83,5.05,44211579,222923004.11,1.6773,2.2267,0,0
2022-11-16,sz.002081,5.08,5.08,4.91,4.95,23588356,117264581.87,0.8949,-1.9802,0,0
2022-11-17,sz.002081,4.96,5.07,4.93,5.0,16606981,82934481.66,0.63,1.0101,0,0
2022-11-18,sz.002081,4.99,5.03,4.94,4.95,10826950,53824549.97,0.4107,-1.0,0,0
2022-11-21,sz.002081,4.93,4.94,4.79,4.84,21598990,104535878.7,0.8194,-2.2222,0,0
2022-11-22,sz.002081,4.85,4.92,4.8,4.83,16707024,80841385.52,0.6338,-0.2066,0,0
2022-11-23,sz.002081,4.83,4.87,4.8,4.83,13273654,64111984.28,0.5036,0.0,0,0
2022-11-24,sz.002081,4.86,4.89,4.83,4.85,9797750,47671601.5,0.3717,0.4141,0,0
2022-11-25,sz.002081,4.85,4.99,4.84,4.97,16391298,81012038.83,0.6218,2.4742,0,0
2022-11-28,sz.002081,4.91,4.99,4.86,4.97,13356941,65895326.54,0.5067,0.0,0,0
2022-11-29,sz.002081,5.17,5.25,5.04,5.2,53228924,274730216.93,2.0193,4.6278,0,0
2022-11-30,sz.002081,5.21,5.31,5.18,5.19,30762820,161226508.84,1.167,-0.1923,0,0
2022-12-01,sz.002081,5.24,5.26,5.12,5.15,23801575,123403067.58,0.903,-0.7707,0,0
2022-12-02,sz.002081,5.12,5.17,5.05,5.09,21142650,107691804.5,0.8021,-1.165,0,0
2022-12-05,sz.002081,5.11,5.2,5.11,5.17,18071827,93432109.36,0.6856,1.5717,0,0
2022-12-06,sz.002081,5.15,5.19,5.1,5.11,12886586,66199948.9,0.4889,-1.1605,0,0
2022-12-07,sz.002081,5.12,5.14,5.05,5.07,11423848,58096366.29,0.4334,-0.7828,0,0
2022-12-08,sz.002081,5.09,5.21,5.06,5.18,18410000,94875948.68,0.6984,2.1696,0,0
2022-12-09,sz.002081,5.18,5.31,5.15,5.3,27494717,144430782.56,1.0431,2.3166,0,0
2022-12-12,sz.002081,5.28,5.32,5.12,5.13,18851333,97778680.45,0.7152,-3.2075,0,0
2022-12-13,sz.002081,5.14,5.19,5.13,5.16,11481041,59220557.56,0.4356,0.5848,0,0
2022-12-14,sz.002081,5.15,5.19,5.1,5.12,10915876,56029611.12,0.4141,-0.7752,0,0
2022-12-15,sz.002081,5.13,5.14,5.05,5.07,10823100,54944826.0,0.4106,-0.9766,0,0
2022-12-16,sz.002081,5.06,5.22,5.05,5.22,20021201,103277550.19,0.7595,2.9586,0,0
2022-12-19,sz.002081,5.15,5.26,5.0,5.01,15659894,79677111.3,0.5941,-4.023,0,0
2022-12-20,sz.002081,5.0,5.04,4.93,4.96,9542950,47508034.0,0.362,-0.998,0,0
2022-12-21,sz.002081,4.96,5.03,4.93,4.95,7816133,38807907.34,0.2965,-0.2016,0,0
2022-12-22,sz.002081,4.98,5.12,4.96,5.02,14427725,72869569.5,0.5473,1.4141,0,0
2022-12-23,sz.002081,5.01,5.03,4.93,4.97,8710111,43334938.23,0.3304,-0.996,0,0
2022-12-26,sz.002081,4.99,5.07,4.9,4.93,10755267,53458492.97,0.408,-0.8048,0,0
2022-12-27,sz.002081,4.94,4.97,4.91,4.95,8064800,39829501.5,0.306,0.4057,0,0
2022-12-28,sz.002081,4.93,4.97,4.86,4.91,9069625,44571702.15,0.3441,-0.8081,0,0
2022-12-29,sz.002081,4.91,4.92,4.82,4.82,7479447,36293072.78,0.2837,-1.833,0,0
2022-12-30,sz.002081,4.84,4.87,4.8,4.85,7047150,34056540.09,0.2673,0.6224,0,0
2023-01-03,sz.002081,4.84,4.95,4.81,4.93,10228789,50062778.15,0.388,1.6495,0,0
2023-01-04,sz.002081,4.94,5.24,4.89,5.16,25162250,128703360.99,0.9546,4.6653,0,0
2023-01-05,sz.002081,5.18,5.28,5.15,5.24,21135609,110651672.91,0.8018,1.5504,0,0
2023-01-06,sz.002081,5.26,5.41,5.22,5.24,18064712,95673238.3,0.6853,0.0,0,0
2023-01-09,sz.002081,5.28,5.31,5.18,5.25,14485674,75778587.42,0.5495,0.1908,0,0
2023-01-10,sz.002081,5.25,5.27,5.19,5.21,9069655,47410850.91,0.3441,-0.7619,0,0
2023-01-11,sz.002081,5.23,5.37,5.19,5.24,15561692,82175011.9,0.5904,0.5758,0,0
2023-01-12,sz.002081,5.26,5.3,5.18,5.26,11617086,60859660.94,0.4407,0.3817,0,0
2023-01-13,sz.002081,5.27,5.36,5.24,5.36,17503802,93248013.12,0.664,1.9011,0,0
2023-01-16,sz.002081,5.37,5.38,5.26,5.31,15515789,82550156.56,0.5886,-0.9328,0,0
2023-01-17,sz.002081,5.32,5.55,5.28,5.5,36873807,201552204.72,1.3989,3.5782,0,0
2023-01-18,sz.002081,5.46,5.48,5.34,5.35,21834715,117953930.03,0.8283,-2.7273,0,0
2023-01-19,sz.002081,5.38,5.51,5.3,5.45,28519845,154604676.46,1.082,1.8692,0,0
2023-01-20,sz.002081,5.45,5.45,5.4,5.43,12867830,69787650.9,0.4882,-0.367,0,0
2023-01-30,sz.002081,5.47,5.51,5.39,5.4,15242661,82953841.59,0.5783,-0.5525,0,0
2023-01-31,sz.002081,5.43,5.55,5.39,5.45,17840995,97520348.74,0.6768,0.9259,0,0
2023-02-01,sz.002081,5.48,5.48,5.4,5.46,15652449,85263428.05,0.5938,0.1835,0,0
2023-02-02,sz.002081,5.47,5.47,5.4,5.44,15027261,81671737.71,0.5701,-0.3663,0,0
2023-02-03,sz.002081,5.43,5.47,5.33,5.41,15719855,84684414.0,0.5964,-0.5515,0,0
2023-02-06,sz.002081,5.39,5.46,5.34,5.38,12107863,65352644.89,0.4593,-0.5545,0,0
2023-02-07,sz.002081,5.41,5.46,5.39,5.43,12021844,65208780.68,0.4561,0.9294,0,0
2023-02-08,sz.002081,5.42,5.43,5.3,5.32,14847899,79474073.01,0.5633,-2.0258,0,0
2023-02-09,sz.002081,5.3,5.35,5.27,5.32,12483260,66387958.6,0.4736,0.0,0,0
2023-02-10,sz.002081,5.34,5.64,5.32,5.48,32987057,181280786.89,1.2514,3.0075,0,0
2023-02-13,sz.002081,5.52,5.64,5.41,5.58,26943353,149459843.44,1.0221,1.8248,0,0
2023-02-14,sz.002081,5.6,5.62,5.51,5.57,15803545,87854342.66,0.5995,-0.1792,0,0
2023-02-15,sz.002081,5.56,5.59,5.46,5.49,16747103,92021454.44,0.6353,-1.4363,0,0
2023-02-16,sz.002081,5.5,5.53,5.35,5.38,15620046,85294620.2,0.5926,-2.0036,0,0
2023-02-17,sz.002081,5.38,5.42,5.35,5.36,12785200,68832977.0,0.485,-0.3717,0,0
2023-02-20,sz.002081,5.4,5.59,5.38,5.55,21338316,117939460.97,0.8095,3.5448,0,0
2023-02-21,sz.002081,5.56,5.66,5.54,5.65,26524029,149149660.07,1.0062,1.8018,0,0
2023-02-22,sz.002081,5.61,5.74,5.6,5.68,21388955,121707244.46,0.8114,0.531,0,0
2023-02-23,sz.002081,5.72,5.72,5.54,5.59,16850263,94619902.75,0.6392,-1.5845,0,0
2023-02-24,sz.002081,5.6,5.61,5.48,5.51,13281398,73352626.96,0.5039,-1.4311,0,0
2023-02-27,sz.002081,5.51,5.57,5.47,5.48,12424402,68498024.83,0.4713,-0.5445,0,0
2023-02-28,sz.002081,5.48,5.55,5.45,5.53,9438855,51832758.61,0.3581,0.9124,0,0
2023-03-01,sz.002081,5.53,5.6,5.51,5.54,26909506,149079736.19,1.0209,0.1808,0,0
2023-03-02,sz.002081,5.56,5.65,5.51,5.61,21527743,120431446.13,0.8167,1.2635,0,0
2023-03-03,sz.002081,5.62,5.69,5.57,5.63,22168271,124856720.72,0.841,0.3565,0,0
2023-03-06,sz.002081,5.6,5.64,5.5,5.51,18174195,100746592.84,0.6895,-2.1314,0,0
2023-03-07,sz.002081,5.5,5.57,5.36,5.39,21018982,114690580.18,0.7974,-2.1779,0,0
2023-03-08,sz.002081,5.36,5.43,5.31,5.37,21027715,112767897.93,0.7977,-0.3711,0,0
2023-03-09,sz.002081,5.4,5.41,5.29,5.31,16369961,87130893.55,0.621,-1.1173,0,0
2023-03-10,sz.002081,5.3,5.34,5.19,5.19,15972481,83550986.49,0.6059,-2.2599,0,0
2023-03-13,sz.002081,5.26,5.42,5.22,5.34,28682058,153046561.97,1.0881,2.8902,0,0
2023-03-14,sz.002081,5.37,5.37,5.2,5.23,15909212,83643223.76,0.6035,-2.0599,0,0
2023-03-15,sz.002081,5.26,5.45,5.24,5.4,20512198,110260299.64,0.7782,3.2505,0,0
2023-03-16,sz.002081,5.39,5.42,5.32,5.33,11837839,63572317.01,0.4491,-1.2963,0,0
2023-03-17,sz.002081,5.37,5.47,5.36,5.37,15774650,85519385.49,0.5984,0.7505,0,0
2023-03-20,sz.002081,5.4,5.45,5.32,5.33,14509662,78021685.32,0.5505,-0.7449,0,0
2023-03-21,sz.002081,5.32,5.46,5.31,5.39,13437862,72598404.4,0.5098,1.1257,0,0
2023-03-22,sz.002081,5.39,5.53,5.37,5.47,18342865,100394945.65,0.6959,1.4842,0,0
2023-03-23,sz.002081,5.48,5.56,5.45,5.54,14574509,80519631.68,0.5529,1.2797,0,0
2023-03-24,sz.002081,5.54,5.54,5.44,5.47,15426450,84504402.5,0.5852,-1.2635,0,0
2023-03-27,sz.002081,5.45,5.46,5.33,5.37,15275250,82158101.0,0.5795,-1.8282,0,0
2023-03-28,sz.002081,5.37,5.4,5.31,5.32,10425410,55654594.8,0.3955,-0.9311,0,0
2023-03-29,sz.002081,5.32,5.35,5.24,5.26,13812400,72825846.88,0.524,-1.1278,0,0
2023-03-30,sz.002081,5.26,5.29,5.18,5.24,13079776,68383671.67,0.4962,-0.3802,0,0
2023-03-31,sz.002081,5.25,5.3,5.21,5.24,10188276,53483807.56,0.3865,0.0,0,0
2023-04-03,sz.002081,5.23,5.3,5.22,5.27,10486984,55263275.68,0.3978,0.5725,0,0
2023-04-04,sz.002081,5.29,5.33,5.23,5.26,12373526,65261108.7,0.4694,-0.1898,0,0
2023-04-06,sz.002081,5.27,5.34,5.22,5.26,13358401,70614208.06,0.5068,0.0,0,0
2023-04-07,sz.002081,5.27,5.44,5.26,5.37,17009281,91226106.14,0.6453,2.0913,0,0
2023-04-10,sz.002081,5.36,5.37,5.11,5.12,31054604,161041934.78,1.1781,-4.6555,0,0
2023-04-11,sz.002081,5.11,5.27,5.08,5.23,16610498,86242717.12,0.6302,2.1484,0,0
2023-04-12,sz.002081,5.25,5.38,5.2,5.25,18094832,95777965.41,0.6865,0.3824,0,0
2023-04-13,sz.002081,5.27,5.47,5.24,5.42,24703503,133132141.11,0.9372,3.2381,0,0
2023-04-14,sz.002081,5.43,5.49,5.33,5.42,19914014,107840617.22,0.7555,0.0,0,0
2023-04-17,sz.002081,5.42,5.44,5.35,5.43,16635170,89747316.6,0.6311,0.1845,0,0
2023-04-18,sz.002081,5.44,5.45,5.35,5.38,11864762,63970779.02,0.4501,-0.9208,0,0
2023-04-19,sz.002081,5.38,5.41,5.31,5.32,13895572,74492682.73,0.5272,-1.1152,0,0
2023-04-20,sz.002081,5.32,5.4,5.22,5.35,15499583,82407830.09,0.588,0.5639,0,0
2023-04-21,sz.002081,5.34,5.37,5.16,5.16,20424204,107021082.88,0.7748,-3.5514,0,0
2023-04-24,sz.002081,5.16,5.31,5.09,5.28,23278800,121870924.0,0.8831,2.3256,0,0
2023-04-25,sz.002081,5.25,5.27,5.07,5.1,21367092,110107794.15,0.8106,-3.4091,0,0
2023-04-26,sz.002081,5.11,5.14,4.98,5.02,18427250,92987860.0,0.6991,-1.5686,0,0
2023-04-27,sz.002081,5.01,5.21,4.96,5.11,17476550,89316900.5,0.663,1.7928,0,0
2023-04-28,sz.002081,5.12,5.4,5.11,5.4,28734920,152730672.66,1.0901,5.6751,0,0
2023-05-04,sz.002081,5.31,5.43,5.28,5.41,20859093,112315755.1,0.7893,0.1852,0,0
2023-05-05,sz.002081,5.44,5.49,5.37,5.44,18110158,98257137.28,0.6853,0.5545,0,0
2023-05-08,sz.002081,5.43,5.5,5.41,5.44,16387323,89202179.37,0.6201,0.0,0,0
2023-05-09,sz.002081,5.43,5.53,5.39,5.41,21043299,115143622.5,0.7962,-0.5515,0,0
2023-05-10,sz.002081,5.39,5.42,5.3,5.37,17526957,93959760.78,0.6632,-0.7394,0,0
2023-05-11,sz.002081,5.38,5.41,5.32,5.38,11388856,61123767.16,0.4309,0.1862,0,0
2023-05-12,sz.002081,5.38,5.47,5.33,5.35,14726305,79316068.7,0.5572,-0.5576,0,0
2023-05-15,sz.002081,5.33,5.34,5.14,5.26,19922383,103887453.13,0.7538,-1.6822,0,0
2023-05-16,sz.002081,5.28,5.28,5.08,5.08,20709000,106351924.0,0.7836,-3.4221,0,0
2023-05-17,sz.002081,5.1,5.1,5.02,5.04,20212401,102155401.16,0.7648,-0.7874,0,0
2023-05-18,sz.002081,5.05,5.07,4.98,4.98,19926576,99820719.38,0.754,-1.1905,0,0
2023-05-19,sz.002081,4.99,5.01,4.88,4.92,17472558,85983244.29,0.6611,-1.2048,0,0
2023-05-22,sz.002081,4.9,4.92,4.83,4.84,18950844,92028954.04,0.7171,-1.626,0,0
2023-05-23,sz.002081,5.0,5.02,4.76,4.77,24593400,119051298.2,0.9306,-1.4463,0,0
2023-05-24,sz.002081,4.76,4.77,4.68,4.69,17758300,83633895.82,0.6719,-1.6771,0,0
2023-05-25,sz.002081,4.68,4.72,4.63,4.7,14077123,65868314.43,0.5327,0.2132,0,0
2023-05-26,sz.002081,4.72,4.74,4.65,4.71,8460217,39694561.07,0.3201,0.2128,0,0
2023-05-29,sz.002081,4.7,4.75,4.63,4.66,13806349,64581854.0,0.5224,-1.0616,0,0
2023-05-30,sz.002081,4.67,4.73,4.64,4.73,11101395,52051655.43,0.4201,1.5021,0,0
2023-05-31,sz.002081,4.7,4.72,4.64,4.66,11139192,52102474.72,0.4215,-1.4799,0,0
2023-06-01,sz.002081,4.67,4.74,4.63,4.71,15312074,71839781.96,0.5794,1.073,0,0
2023-06-02,sz.002081,4.72,4.81,4.7,4.78,13376457,63763149.82,0.5061,1.4862,0,0
2023-06-05,sz.002081,4.76,4.81,4.72,4.79,11145500,53209211.0,0.4217,0.2092,0,0
2023-06-06,sz.002081,4.7,4.75,4.65,4.66,15324214,72175724.73,0.5798,-0.6397,0,0
2023-06-07,sz.002081,4.66,4.72,4.64,4.68,10271062,47984276.92,0.3886,0.4292,0,0
2023-06-08,sz.002081,4.66,4.77,4.63,4.76,14087102,66458973.56,0.533,1.7094,0,0
2023-06-09,sz.002081,4.75,4.78,4.65,4.66,14493126,67980169.03,0.5484,-2.1008,0,0
2023-06-12,sz.002081,4.65,4.66,4.57,4.62,13264232,61131715.75,0.5019,-0.8584,0,0
2023-06-13,sz.002081,4.61,4.65,4.61,4.64,7704355,35674705.1,0.2915,0.4329,0,0
2023-06-14,sz.002081,4.64,4.66,4.6,4.61,7542510,34897843.24,0.2854,-0.6466,0,0
2023-06-15,sz.002081,4.61,4.64,4.58,4.64,9166216,42298100.02,0.3468,0.6508,0,0
2023-06-16,sz.002081,4.64,4.68,4.62,4.64,11514763,53564651.3,0.4357,0.0,0,0
2023-06-19,sz.002081,4.65,4.65,4.57,4.6,14082534,64774933.51,0.5329,-0.8621,0,0
2023-06-20,sz.002081,4.6,4.62,4.52,4.53,13141436,59864382.8,0.4973,-1.5217,0,0
2023-06-21,sz.002081,4.52,4.54,4.44,4.44,12298396,55167052.04,0.4654,-1.9868,0,0
2023-06-26,sz.002081,4.42,4.44,4.35,4.37,13614033,59749733.69,0.5151,-1.5766,0,0
2023-06-27,sz.002081,4.38,4.51,4.37,4.5,16650472,74258700.56,0.63,2.9748,0,0
2023-06-28,sz.002081,4.51,4.53,4.43,4.5,8739650,39129902.5,0.3307,0.0,0,0
2023-06-29,sz.002081,4.5,4.51,4.43,4.44,9960234,44378169.22,0.3769,-1.3333,0,0
2023-06-30,sz.002081,4.48,4.53,4.47,4.51,7870238,35422507.88,0.2978,1.5766,0,0
2023-07-03,sz.002081,4.51,4.57,4.5,4.55,12349892,56171286.18,0.4673,0.8869,0,0
2023-07-04,sz.002081,4.55,4.63,4.54,4.57,13773660,63116964.84,0.5212,0.4396,0,0
2023-07-05,sz.002081,4.57,4.59,4.52,4.54,8429787,38410631.72,0.319,-0.6565,0,0
2023-07-06,sz.002081,4.54,4.55,4.49,4.52,11040057,49850998.0,0.4177,-0.4405,0,0
2023-07-07,sz.002081,4.5,4.56,4.49,4.53,6402618,28986943.72,0.2423,0.2212,0,0
2023-07-10,sz.002081,4.54,4.56,4.52,4.56,5632198,25566750.88,0.2131,0.6623,0,0
2023-07-11,sz.002081,4.55,4.59,4.53,4.57,7057245,32193104.25,0.267,0.2193,0,0
2023-07-12,sz.002081,4.58,4.61,4.52,4.53,10220741,46718949.3,0.3867,-0.8753,0,0
2023-07-13,sz.002081,4.53,4.59,4.53,4.59,9296745,42573968.2,0.3518,1.3245,0,0
2023-07-14,sz.002081,4.58,4.59,4.55,4.55,7010950,32005918.5,0.2653,-0.8715,0,0
2023-07-17,sz.002081,4.56,4.56,4.5,4.55,6248500,28234523.0,0.2364,0.0,0,0
2023-07-18,sz.002081,4.55,4.6,4.51,4.57,8528949,38876765.99,0.3227,0.4396,0,0
2023-07-19,sz.002081,4.57,4.62,4.56,4.61,9863175,45341417.83,0.3732,0.8753,0,0
2023-07-20,sz.002081,4.65,4.65,4.57,4.59,8596250,39543909.48,0.3253,-0.4338,0,0
2023-07-21,sz.002081,4.59,4.64,4.58,4.63,9944887,45955250.97,0.3763,0.8715,0,0
2023-07-24,sz.002081,4.68,4.7,4.62,4.65,12929341,60178679.24,0.4892,0.432,0,0
2023-07-25,sz.002081,4.68,4.8,4.66,4.79,23941725,114072798.3,0.9059,3.0108,0,0
2023-07-26,sz.002081,4.81,4.87,4.79,4.85,19078056,92366217.58,0.7219,1.2526,0,0
2023-07-27,sz.002081,4.85,4.87,4.79,4.82,16746402,80985129.6,0.6337,-0.6186,0,0
2023-07-28,sz.002081,4.78,4.87,4.77,4.85,13653052,66009116.7,0.5166,0.6224,0,0
2023-07-31,sz.002081,4.88,4.97,4.88,4.94,16777682,82808964.26,0.6348,1.8557,0,0
2023-08-01,sz.002081,4.96,4.98,4.9,4.93,15047685,74344536.16,0.5694,-0.2024,0,0
2023-08-02,sz.002081,4.92,4.98,4.91,4.92,13639688,67342749.82,0.5161,-0.2028,0,0
2023-08-03,sz.002081,4.91,4.95,4.88,4.93,10955507,53855708.22,0.4145,0.2033,0,0
2023-08-04,sz.002081,4.95,4.98,4.92,4.93,14519942,71870874.14,0.5494,0.0,0,0
2023-08-07,sz.002081,4.92,4.93,4.81,4.82,15230921,73723120.01,0.5763,-2.2312,0,0
2023-08-08,sz.002081,4.84,4.85,4.78,4.79,9594277,46116739.14,0.363,-0.6224,0,0
2023-08-09,sz.002081,4.79,4.83,4.77,4.79,10180400,48902286.0,0.3852,0.0,0,0
2023-08-10,sz.002081,4.78,4.84,4.78,4.8,8533000,40974509.0,0.3229,0.2088,0,0
2023-08-11,sz.002081,4.81,4.84,4.69,4.7,12281251,58174416.2,0.4647,-2.0833,0,0
2023-08-14,sz.002081,4.66,4.72,4.63,4.7,14464505,67530991.26,0.5473,0.0,0,0
2023-08-15,sz.002081,4.71,4.72,4.63,4.68,8159000,38106059.0,0.3087,-0.4255,0,0
2023-08-16,sz.002081,4.67,4.79,4.64,4.72,10220077,48191589.17,0.3867,0.8547,0,0
2023-08-17,sz.002081,4.69,4.71,4.64,4.7,11506545,53802551.1,0.4354,-0.4237,0,0
2023-08-18,sz.002081,4.71,4.75,4.64,4.64,10299920,48314844.14,0.3897,-1.2766,0,0
2023-08-21,sz.002081,4.65,4.73,4.62,4.62,12150885,56754735.65,0.4598,-0.431,0,0
2023-08-22,sz.002081,4.62,4.68,4.57,4.62,13404376,61818249.32,0.5072,0.0,0,0
2023-08-23,sz.002081,4.61,4.64,4.53,4.54,9404243,42979187.94,0.3558,-1.7316,0,0
2023-08-24,sz.002081,4.57,4.57,4.45,4.48,13392350,60180343.5,0.5067,-1.3216,0,0
2023-08-25,sz.002081,4.45,4.55,4.43,4.47,10389700,46704700.0,0.3931,-0.2232,0,0
2023-08-28,sz.002081,4.69,4.73,4.58,4.61,22296200,103809998.87,0.8437,3.132,0,0
2023-08-29,sz.002081,4.6,4.72,4.59,4.71,19044000,88820736.04,0.7206,2.1692,0,0
2023-08-30,sz.002081,4.68,4.73,4.64,4.64,12303547,57506534.06,0.4655,-1.4862,0,0
2023-08-31,sz.002081,4.66,4.73,4.59,4.6,15470240,71707597.66,0.5855,-0.8621,0,0
2023-09-01,sz.002081,4.6,4.65,4.58,4.62,11822048,54554330.36,0.4474,0.4348,0,0
2023-09-04,sz.002081,4.64,4.76,4.64,4.74,21323911,100884388.4,0.807,2.5974,0,0
2023-09-05,sz.002081,4.71,4.73,4.64,4.65,13960612,65175612.05,0.5283,-1.8987,0,0
2023-09-06,sz.002081,4.64,4.66,4.58,4.64,14730875,68086925.25,0.5575,-0.2151,0,0
2023-09-07,sz.002081,4.63,4.66,4.56,4.57,14052150,64849553.5,0.5318,-1.5086,0,0
2023-09-08,sz.002081,4.56,4.58,4.53,4.54,9327750,42461937.5,0.353,-0.6565,0,0
2023-09-11,sz.002081,4.57,4.58,4.51,4.56,12835094,58340413.26,0.4857,0.4405,0,0
2023-09-12,sz.002081,4.58,4.59,4.54,4.56,8907549,40647986.94,0.3371,0.0,0,0
2023-09-13,sz.002081,4.54,4.61,4.53,4.55,12173000,55505294.0,0.4607,-0.2193,0,0
2023-09-14,sz.002081,4.54,4.57,4.51,4.54,10563413,47817890.89,0.3998,-0.2198,0,0
2023-09-15,sz.002081,4.54,4.59,4.52,4.54,12205829,55466725.66,0.4619,0.0,0,0
2023-09-18,sz.002081,4.53,4.62,4.49,4.61,16652102,76041211.16,0.6302,1.5419,0,0
2023-09-19,sz.002081,4.6,4.6,4.55,4.57,14052495,64217673.7,0.5318,-0.8677,0,0
2023-09-20,sz.002081,4.57,4.57,4.51,4.52,12457070,56393698.44,0.4714,-1.0941,0,0
2023-09-21,sz.002081,4.52,4.54,4.47,4.47,13121500,58964855.0,0.4966,-1.1062,0,0
2023-09-22,sz.002081,4.47,4.56,4.43,4.55,13230800,59602769.0,0.5007,1.7897,0,0
2023-09-25,sz.002081,4.55,4.55,4.46,4.47,12459300,55896681.0,0.4715,-1.7582,0,0
2023-09-26,sz.002081,4.47,4.48,4.44,4.44,7617500,33997415.0,0.2883,-0.6711,0,0
2023-09-27,sz.002081,4.45,4.51,4.44,4.48,9666709,43310459.5,0.3658,0.9009,0,0
2023-09-28,sz.002081,4.49,4.56,4.48,4.54,13985100,63305075.0,0.5293,1.3393,0,0
2023-10-09,sz.002081,4.52,4.54,4.38,4.39,26258869,116089502.03,0.9938,-3.304,0,0
2023-10-10,sz.002081,4.4,4.44,4.34,4.36,15816450,69227007.5,0.5986,-0.6834,0,0
2023-10-11,sz.002081,4.35,4.44,4.35,4.35,14229672,62408688.3,0.5385,-0.2294,0,0
2023-10-12,sz.002081,4.38,4.39,4.33,4.34,12413100,54097968.0,0.4698,-0.2299,0,0
2023-10-13,sz.002081,4.33,4.34,4.26,4.27,12847625,55051356.75,0.4862,-1.6129,0,0
2023-10-16,sz.002081,4.27,4.28,4.22,4.24,11931059,50641527.25,0.4515,-0.7026,0,0
2023-10-17,sz.002081,4.25,4.28,4.22,4.22,12037850,51030881.0,0.4556,-0.4717,0,0
2023-10-18,sz.002081,4.21,4.22,4.13,4.14,15979800,66658212.0,0.6048,-1.8957,0,0
2023-10-19,sz.002081,4.14,4.18,4.11,4.12,11674434,48395897.65,0.4418,-0.4831,0,0
2023-10-20,sz.002081,4.12,4.19,4.11,4.12,11311850,46864168.5,0.4281,0.0,0,0
2023-10-23,sz.002081,4.11,4.12,4.0,4.01,16562650,67090936.0,0.6268,-2.6699,0,0
2023-10-24,sz.002081,4.03,4.13,4.03,4.12,13152341,53636038.64,0.4977,2.7431,0,0
2023-10-25,sz.002081,4.16,4.22,4.14,4.19,15320139,64232270.3,0.5798,1.699,0,0
2023-10-26,sz.002081,4.19,4.21,4.14,4.17,9771176,40722704.41,0.3698,-0.4773,0,0
2023-10-27,sz.002081,4.18,4.23,4.15,4.21,11125089,46701450.48,0.421,0.9592,0,0
2023-10-30,sz.002081,4.2,4.22,4.17,4.21,12598855,52888517.95,0.4768,0.0,0,0
2023-10-31,sz.002081,4.23,4.23,4.12,4.14,15893561,66009193.24,0.6015,-1.6627,0,0
2023-11-01,sz.002081,4.16,4.16,4.08,4.09,18154742,74428970.69,0.6871,-1.2077,0,0
2023-11-02,sz.002081,4.09,4.11,4.04,4.05,14102592,57351156.24,0.5337,-0.978,0,0
2023-11-03,sz.002081,4.06,4.09,4.04,4.05,12369897,50271873.32,0.4681,0.0,0,0
2023-11-06,sz.002081,4.07,4.14,4.07,4.14,19526496,80190709.02,0.739,2.2222,0,0
2023-11-07,sz.002081,4.14,4.15,4.09,4.11,16355844,67206494.4,0.619,-0.7246,0,0
2023-11-08,sz.002081,4.11,4.14,4.09,4.1,14216161,58464378.1,0.538,-0.2433,0,0
2023-11-09,sz.002081,4.11,4.13,4.08,4.09,14811542,60724528.78,0.5605,-0.2439,0,0
2023-11-10,sz.002081,4.08,4.09,4.03,4.05,12676523,51362456.15,0.4797,-0.978,0,0
2023-11-13,sz.002081,4.06,4.09,4.04,4.09,12708950,51684568.0,0.481,0.9877,0,0
2023-11-14,sz.002081,4.08,4.13,4.07,4.1,9545100,39115851.0,0.3612,0.2445,0,0
2023-11-15,sz.002081,4.13,4.15,4.09,4.11,11666975,48013578.5,0.4415,0.2439,0,0
2023-11-16,sz.002081,4.1,4.11,4.06,4.07,9696180,39585594.6,0.367,-0.9732,0,0
2023-11-17,sz.002081,4.07,4.08,4.04,4.07,11612722,47139986.17,0.4395,0.0,0,0
2023-11-20,sz.002081,4.08,4.1,4.05,4.09,11227588,45723156.04,0.4249,0.4914,0,0
2023-11-21,sz.002081,4.09,4.16,4.09,4.11,22529660,93044295.85,0.8526,0.489,0,0
2023-11-22,sz.002081,4.1,4.14,4.07,4.08,14563732,59854951.2,0.5512,-0.7299,0,0
2023-11-23,sz.002081,4.06,4.14,4.05,4.13,14615932,60018504.92,0.5531,1.2255,0,0
2023-11-24,sz.002081,4.11,4.14,4.07,4.07,13280538,54398812.58,0.5026,-1.4528,0,0
2023-11-27,sz.002081,4.07,4.08,4.0,4.01,21542232,86656376.3,0.8153,-1.4742,0,0
2023-11-28,sz.002081,4.02,4.02,3.98,4.0,13925544,55712871.62,0.527,-0.2494,0,0
2023-11-29,sz.002081,4.0,4.01,3.91,3.92,21769300,85861631.0,0.8239,-2.0,0,0
2023-11-30,sz.002081,3.92,3.94,3.9,3.92,11736902,45991335.34,0.4442,0.0,0,0
2023-12-01,sz.002081,3.91,3.97,3.9,3.96,14518632,57156639.18,0.5495,1.0204,0,0
2023-12-04,sz.002081,3.95,3.98,3.93,3.96,11695598,46239084.36,0.4426,0.0,0,0
2023-12-05,sz.002081,3.96,3.96,3.9,3.9,10076784,39576588.12,0.3814,-1.5152,0,0
2023-12-06,sz.002081,3.9,3.93,3.87,3.92,10375484,40473590.22,0.3927,0.5128,0,0
2023-12-07,sz.002081,3.9,3.92,3.86,3.9,15452200,60089568.0,0.5848,-0.5102,0,0
2023-12-08,sz.002081,3.9,3.9,3.83,3.89,29236327,112886251.21,1.1064,-0.2564,0,0
2023-12-11,sz.002081,3.85,3.89,3.8,3.86,20329236,77936646.14,0.7694,-0.7712,0,0
2023-12-12,sz.002081,3.86,3.9,3.85,3.89,15043566,58307946.22,0.5693,0.7772,0,0
2023-12-13,sz.002081,3.88,3.89,3.83,3.83,11147260,43026740.8,0.4219,-1.5424,0,0
2023-12-14,sz.002081,3.84,3.87,3.83,3.83,8187842,31499988.28,0.3099,0.0,0,0
2023-12-15,sz.002081,3.85,3.87,3.82,3.83,9978006,38393229.34,0.3776,0.0,0,0
2023-12-18,sz.002081,3.82,3.83,3.73,3.74,16487210,62271224.43,0.624,-2.3499,0,0
2023-12-19,sz.002081,3.73,3.76,3.69,3.72,10138010,37756236.4,0.3837,-0.5348,0,0
2023-12-20,sz.002081,3.72,3.74,3.69,3.69,8065200,29924993.7,0.3052,-0.8065,0,0
2023-12-21,sz.002081,3.68,3.73,3.66,3.71,12131395,44898299.65,0.4591,0.542,0,0
2023-12-22,sz.002081,3.71,3.73,3.67,3.69,10795413,39923590.08,0.4086,-0.5391,0,0
2023-12-25,sz.002081,3.7,3.7,3.65,3.69,8888300,32644839.0,0.3364,0.0,0,0
2023-12-26,sz.002081,3.67,3.68,3.63,3.65,7268200,26544364.5,0.2751,-1.084,0,0
2023-12-27,sz.002081,3.65,3.68,3.63,3.66,7289101,26624942.64,0.2759,0.274,0,0
2023-12-28,sz.002081,3.67,3.75,3.64,3.74,13328756,49414388.26,0.5044,2.1858,0,0
2023-12-29,sz.002081,3.73,3.77,3.73,3.76,9336758,35009343.92,0.3533,0.5348,0,0
2024-01-02,sz.002081,3.77,3.8,3.75,3.75,8982000,33867896.75,0.3399,-0.266,0,0
2024-01-03,sz.002081,3.76,3.78,3.74,3.77,8773000,32981227.5,0.332,0.5333,0,0
2024-01-04,sz.002081,3.77,3.77,3.71,3.74,7986500,29820434.0,0.3022,-0.7958,0,0
2024-01-05,sz.002081,3.74,3.78,3.7,3.72,9281154,34736430.48,0.3512,-0.5348,0,0
2024-01-08,sz.002081,3.72,3.73,3.65,3.65,9443079,34770632.85,0.3574,-1.8817,0,0
2024-01-09,sz.002081,3.66,3.7,3.63,3.68,9316900,34177955.0,0.3526,0.8219,0,0
2024-01-10,sz.002081,3.66,3.71,3.63,3.67,7280587,26772484.07,0.2755,-0.2717,0,0
2024-01-11,sz.002081,3.66,3.73,3.65,3.71,8728528,32264292.43,0.3303,1.0899,0,0
2024-01-12,sz.002081,3.7,3.8,3.69,3.75,13282644,49934700.16,0.5027,1.0782,0,0
2024-01-15,sz.002081,3.74,3.75,3.68,3.73,8311207,30927671.04,0.3145,-0.5333,0,0
2024-01-16,sz.002081,3.74,3.76,3.68,3.74,8671807,32273781.25,0.3282,0.2681,0,0
2024-01-17,sz.002081,3.73,3.76,3.68,3.68,10100200,37635685.0,0.3822,-1.6043,0,0
2024-01-18,sz.002081,3.66,3.66,3.51,3.61,20349832,72764948.98,0.7701,-1.9022,0,0
2024-01-19,sz.002081,3.6,3.63,3.53,3.57,9632850,34553192.5,0.3646,-1.108,0,0
2024-01-22,sz.002081,3.56,3.57,3.33,3.35,22374998,77151446.82,0.8468,-6.1625,0,0
2024-01-23,sz.002081,3.35,3.44,3.3,3.42,13143100,44338767.0,0.4974,2.0896,0,0
2024-01-24,sz.002081,3.42,3.57,3.41,3.56,17219951,60107619.25,0.6517,4.0936,0,0
2024-01-25,sz.002081,3.56,3.7,3.55,3.68,16446121,59839160.75,0.6224,3.3708,0,0
2024-01-26,sz.002081,3.71,3.79,3.68,3.76,18808536,70474646.08,0.7118,2.1739,0,0
2024-01-29,sz.002081,3.76,3.78,3.65,3.67,14722755,54752968.6,0.5572,-2.3936,0,0
2024-01-30,sz.002081,3.67,3.72,3.58,3.59,12486600,45714983.0,0.4726,-2.1798,0,0
2024-01-31,sz.002081,3.61,3.62,3.44,3.46,15396800,54149583.68,0.5827,-3.6212,0,0
2024-02-01,sz.002081,3.42,3.51,3.37,3.43,17153452,58853255.19,0.6492,-0.8671,0,0
2024-02-02,sz.002081,3.42,3.48,3.2,3.29,19706318,66043879.28,0.7458,-4.0816,0,0
2024-02-05,sz.002081,3.28,3.28,3.05,3.11,27207755,85343128.15,1.0297,-5.4711,0,0
2024-02-06,sz.002081,3.09,3.38,3.04,3.35,29515885,94201812.42,1.117,7.717,0,0
2024-02-07,sz.002081,3.33,3.47,3.32,3.43,27748376,94891256.93,1.0501,2.3881,0,0
2024-02-08,sz.002081,3.43,3.68,3.42,3.59,30374671,109152160.59,1.1495,4.6647,0,0
2024-02-19,sz.002081,3.62,3.64,3.44,3.5,26189296,92169511.98,0.9911,-2.507,0,0
2024-02-20,sz.002081,3.51,3.52,3.45,3.51,14508532,50574649.68,0.5491,0.2857,0,0
2024-02-21,sz.002081,3.49,3.7,3.47,3.6,29146452,105358765.41,1.103,2.5641,0,0
2024-02-22,sz.002081,3.59,3.63,3.51,3.58,18764450,66777022.5,0.7101,-0.5556,0,0
2024-02-23,sz.002081,3.57,3.61,3.52,3.61,15674901,55953263.02,0.5932,0.838,0,0
2024-02-26,sz.002081,3.62,3.63,3.53,3.56,16735250,59845456.5,0.6333,-1.385,0,0
2024-02-27,sz.002081,3.55,3.61,3.53,3.61,16206502,58031157.14,0.6133,1.4045,0,0
2024-02-28,sz.002081,3.61,3.68,3.55,3.55,27757500,100553823.0,1.0505,-1.662,0,0
2024-02-29,sz.002081,3.55,3.62,3.53,3.6,18832000,67537341.5,0.7127,1.4085,0,0
2024-03-01,sz.002081,3.6,3.63,3.57,3.59,15087897,54291671.23,0.571,-0.2778,0,0
2024-03-04,sz.002081,3.59,3.59,3.48,3.51,18884455,66486487.5,0.7147,-2.2284,0,0
2024-03-05,sz.002081,3.49,3.52,3.47,3.48,12474270,43494263.24,0.4721,-0.8547,0,0
2024-03-06,sz.002081,3.46,3.5,3.43,3.46,12466750,43180255.0,0.4718,-0.5747,0,0
2024-03-07,sz.002081,3.47,3.53,3.45,3.47,15474450,53945504.5,0.5856,0.289,0,0
2024-03-08,sz.002081,3.45,3.48,3.42,3.46,10402600,35905075.0,0.3937,-0.2882,0,0
2024-03-11,sz.002081,3.46,3.51,3.45,3.5,13096543,45537238.21,0.4956,1.1561,0,0
2024-03-12,sz.002081,3.5,3.6,3.49,3.59,18781061,66617286.18,0.7108,2.5714,0,0
2024-03-13,sz.002081,3.58,3.59,3.51,3.54,14144346,50117979.14,0.5353,-1.3928,0,0
2024-03-14,sz.002081,3.54,3.58,3.52,3.54,13063100,46398149.0,0.4944,0.0,0,0
2024-03-15,sz.002081,3.54,3.58,3.51,3.58,10415500,36915495.0,0.3942,1.1299,0,0
2024-03-18,sz.002081,3.58,3.6,3.55,3.59,13383298,47850543.36,0.5065,0.2793,0,0
2024-03-19,sz.002081,3.58,3.61,3.54,3.55,11566125,41273743.25,0.4377,-1.1142,0,0
2024-03-20,sz.002081,3.54,3.57,3.53,3.56,8037957,28511492.69,0.3042,0.2817,0,0
2024-03-21,sz.002081,3.56,3.58,3.53,3.54,10344898,36746090.94,0.3915,-0.5618,0,0
2024-03-22,sz.002081,3.53,3.54,3.37,3.42,26156535,90053216.7,0.9899,-3.3898,0,0
2024-03-25,sz.002081,3.41,3.42,3.33,3.34,21560925,72723668.0,0.816,-2.3392,0,0
2024-03-26,sz.002081,3.33,3.37,3.31,3.35,14291750,47783114.0,0.5409,0.2994,0,0
2024-03-27,sz.002081,3.37,3.38,3.3,3.3,14200357,47498181.36,0.5374,-1.4925,0,0
2024-03-28,sz.002081,3.3,3.36,3.3,3.34,12088873,40336738.82,0.4575,1.2121,0,0
2024-03-29,sz.002081,3.34,3.36,3.32,3.35,9184500,30689972.0,0.3476,0.2994,0,0
2024-04-01,sz.002081,3.36,3.43,3.34,3.43,15978837,54431682.56,0.6047,2.3881,0,0
2024-04-02,sz.002081,3.43,3.46,3.42,3.45,11629097,39998416.26,0.4401,0.5831,0,0
2024-04-03,sz.002081,3.45,3.47,3.43,3.46,10498310,36215649.6,0.3973,0.2899,0,0
2024-04-08,sz.002081,3.44,3.46,3.36,3.37,13478320,45912131.4,0.5101,-2.6012,0,0
2024-04-09,sz.002081,3.37,3.4,3.36,3.37,9115741,30805403.4,0.345,0.0,0,0
2024-04-10,sz.002081,3.38,3.38,3.27,3.3,14523652,48132763.6,0.5496,-2.0772,0,0
2024-04-11,sz.002081,3.28,3.35,3.26,3.32,11886342,39408229.45,0.4498,0.6061,0,0
2024-04-12,sz.002081,3.32,3.33,3.23,3.23,13356700,43688845.0,0.5055,-2.7108,0,0
2024-04-15,sz.002081,3.22,3.28,3.12,3.23,17762902,57088140.02,0.6722,0.0,0,0
2024-04-16,sz.002081,3.22,3.24,3.16,3.16,16095686,51376604.2,0.6091,-2.1672,0,0
2024-04-17,sz.002081,3.19,3.29,3.18,3.29,16387300,53191354.0,0.6202,4.1139,0,0
2024-04-18,sz.002081,3.29,3.32,3.26,3.28,15702054,51698025.16,0.5942,-0.304,0,0
2024-04-19,sz.002081,3.28,3.32,3.25,3.29,10957811,36057671.69,0.4147,0.3049,0,0
2024-04-22,sz.002081,3.29,3.32,3.26,3.28,9982661,32834720.47,0.3778,-0.304,0,0
2024-04-23,sz.002081,3.28,3.31,3.25,3.27,11463592,37633899.84,0.4338,-0.3049,0,0
2024-04-24,sz.002081,3.27,3.29,3.23,3.26,11099675,36168644.25,0.4201,-0.3058,0,0
2024-04-25,sz.002081,3.26,3.33,3.25,3.3,12233400,40360092.0,0.463,1.227,0,0
2024-04-26,sz.002081,3.29,3.34,3.27,3.34,16892659,55923135.47,0.6393,1.2121,0,0
2024-04-29,sz.002081,3.33,3.47,3.32,3.46,24904813,85387145.87,0.9425,3.5928,0,0
2024-04-30,sz.002081,3.45,3.48,3.4,3.43,15168157,52135350.4,0.5739,-0.8671,0,0
2024-05-06,sz.002081,3.48,3.52,3.47,3.49,16899247,59056312.56,0.6394,1.7493,0,0
2024-05-07,sz.002081,3.49,3.5,3.45,3.49,12446201,43275913.48,0.4709,0.0,0,0
2024-05-08,sz.002081,3.47,3.48,3.4,3.42,13353801,45944754.45,0.5052,-2.0057,0,0
2024-05-09,sz.002081,3.41,3.49,3.41,3.48,12922441,44724167.86,0.4889,1.7544,0,0
2024-05-10,sz.002081,3.48,3.53,3.43,3.51,22943891,79993507.95,0.8681,0.8621,0,0
2024-05-13,sz.002081,3.49,3.5,3.43,3.45,15741096,54400295.2,0.5956,-1.7094,0,0
2024-05-14,sz.002081,3.45,3.49,3.44,3.47,14011720,48614585.2,0.5301,0.5797,0,0
2024-05-15,sz.002081,3.46,3.51,3.44,3.47,14976920,52111503.0,0.5667,0.0,0,0
2024-05-16,sz.002081,3.47,3.71,3.47,3.63,52674009,189850126.77,1.9929,4.611,0,0
2024-05-17,sz.002081,3.66,3.86,3.59,3.85,71925680,267369995.58,2.7213,6.0606,0,0
2024-05-20,sz.002081,3.83,3.84,3.72,3.74,47901217,180347576.21,1.8123,-2.8571,0,0
2024-05-21,sz.002081,3.74,3.79,3.7,3.73,25272500,94533248.5,0.9562,-0.2674,0,0
2024-05-22,sz.002081,3.7,3.84,3.69,3.77,42179700,159543735.0,1.5959,1.0724,0,0
2024-05-23,sz.002081,3.73,3.75,3.62,3.65,30846988,113295371.22,1.1671,-3.183,0,0
2024-05-24,sz.002081,3.62,3.66,3.55,3.55,21079500,75751164.0,0.7975,-2.7397,0,0
2024-05-27,sz.002081,3.56,3.59,3.46,3.52,21434750,75050760.5,0.811,-0.8451,0,0
2024-05-28,sz.002081,3.53,3.54,3.41,3.42,19985791,68942126.97,0.7562,-2.8409,0,0
2024-05-29,sz.002081,3.42,3.5,3.41,3.44,15456849,53527696.56,0.5848,0.5848,0,0
2024-05-30,sz.002081,3.43,3.45,3.39,3.4,14387577,49117183.8,0.5444,-1.1628,0,0
2024-05-31,sz.002081,3.4,3.44,3.38,3.39,12047500,41068110.0,0.4558,-0.2941,0,0
2024-06-03,sz.002081,3.39,3.4,3.3,3.33,18838238,62830523.42,0.7127,-1.7699,0,0
2024-06-04,sz.002081,3.31,3.38,3.29,3.38,12600450,42152732.0,0.4767,1.5015,0,0
2024-06-05,sz.002081,3.36,3.37,3.29,3.29,14599300,48497445.0,0.5524,-2.6627,0,0
2024-06-06,sz.002081,3.22,3.25,3.12,3.13,17052810,53982107.7,0.6452,-1.8809,0,0
2024-06-07,sz.002081,3.16,3.2,3.15,3.2,12211957,38791100.69,0.462,2.2364,0,0
2024-06-11,sz.002081,3.19,3.22,3.14,3.18,11952392,37951395.64,0.4522,-0.625,0,0
2024-06-12,sz.002081,3.18,3.2,3.14,3.16,11275050,35680189.5,0.4266,-0.6289,0,0
2024-06-13,sz.002081,3.16,3.17,3.08,3.1,16334192,50861895.28,0.618,-1.8987,0,0
2024-06-14,sz.002081,3.1,3.16,3.07,3.14,12846845,40041299.3,0.4861,1.2903,0,0
2024-06-17,sz.002081,3.12,3.15,3.1,3.12,10625022,33211222.94,0.402,-0.6369,0,0
2024-06-18,sz.002081,3.12,3.17,3.11,3.15,9608584,30234428.72,0.3635,0.9615,0,0
2024-06-19,sz.002081,3.15,3.17,3.13,3.14,8362454,26343641.9,0.3164,-0.3175,0,0
2024-06-20,sz.002081,3.15,3.15,3.07,3.07,12265166,37938861.62,0.4641,-2.2293,0,0
2024-06-21,sz.002081,3.07,3.13,3.06,3.1,10301414,31975299.4,0.3898,0.9772,0,0
2024-06-24,sz.002081,3.07,3.09,3.0,3.0,14865519,45145579.47,0.5624,-3.2258,0,0
2024-06-25,sz.002081,3.01,3.05,3.0,3.02,10994557,33249154.67,0.416,0.6667,0,0
2024-06-26,sz.002081,3.01,3.09,2.99,3.08,11484495,35001223.95,0.4345,1.9868,0,0
2024-06-27,sz.002081,3.08,3.1,3.03,3.03,9515750,29103102.0,0.36,-1.6234,0,0
2024-06-28,sz.002081,3.03,3.1,3.02,3.03,8334252,25509781.56,0.3153,0.0,0,0
2024-07-01,sz.002081,3.04,3.1,3.03,3.09,9401302,28859572.62,0.3557,1.9802,0,0
2024-07-02,sz.002081,3.08,3.12,3.06,3.1,10980802,34058447.7,0.4155,0.3236,0,0
2024-07-03,sz.002081,3.1,3.14,3.07,3.08,9857800,30588784.0,0.373,-0.6452,0,0
2024-07-04,sz.002081,3.08,3.09,2.99,3.0,14786850,44746225.5,0.5595,-2.5974,0,0
2024-07-05,sz.002081,3.0,3.04,2.99,3.02,9129647,27579281.44,0.3454,0.6667,0,0
2024-07-08,sz.002081,3.01,3.02,2.92,2.93,13429347,39624530.21,0.5081,-2.9801,0,0
2024-07-09,sz.002081,2.92,2.96,2.86,2.94,14090150,41040306.5,0.5331,0.3413,0,0
2024-07-10,sz.002081,2.93,2.96,2.91,2.92,7594750,22293251.5,0.2873,-0.6803,0,0
2024-07-11,sz.002081,2.95,3.02,2.95,3.01,13315700,39830932.0,0.5038,3.0822,0,0
2024-07-12,sz.002081,3.01,3.08,3.0,3.04,11840300,36122337.0,0.448,0.9967,0,0
2024-07-15,sz.002081,3.05,3.05,2.98,2.99,9758800,29272148.0,0.3692,-1.6447,0,0
2024-07-16,sz.002081,2.98,2.99,2.95,2.97,8225412,24411354.76,0.3112,-0.6689,0,0
2024-07-17,sz.002081,2.96,3.02,2.96,2.99,8625675,25834526.25,0.3264,0.6734,0,0
2024-07-18,sz.002081,2.98,3.01,2.94,3.0,7920038,23584251.86,0.2997,0.3344,0,0
2024-07-19,sz.002081,2.99,3.01,2.96,2.99,6781698,20282467.02,0.2566,-0.3333,0,0
2024-07-22,sz.002081,3.0,3.01,2.96,2.98,6094915,18157425.7,0.2306,-0.3344,0,0
2024-07-23,sz.002081,2.98,3.02,2.94,2.96,8263017,24659941.75,0.3126,-0.6711,0,0
2024-07-24,sz.002081,2.95,2.96,2.91,2.91,8966421,26250713.82,0.3392,-1.6892,0,0
2024-07-25,sz.002081,2.9,2.97,2.89,2.95,8487802,24941033.92,0.3211,1.3746,0,0
2024-07-26,sz.002081,2.96,3.02,2.95,3.02,10477100,31415808.0,0.3964,2.3729,0,0
2024-07-29,sz.002081,3.02,3.05,2.98,3.04,7281600,22035306.0,0.2755,0.6623,0,0
2024-07-30,sz.002081,3.04,3.1,3.02,3.09,13963965,42919866.8,0.5283,1.6447,0,0
2024-07-31,sz.002081,3.1,3.2,3.1,3.2,17569950,55581271.0,0.6648,3.5599,0,0
2024-08-01,sz.002081,3.2,3.23,3.16,3.17,9932214,31529410.38,0.3758,-0.9375,0,0
2024-08-02,sz.002081,3.16,3.22,3.14,3.18,10478108,33396822.86,0.3964,0.3155,0,0
2024-08-05,sz.002081,3.17,3.22,3.14,3.15,11765950,37490379.5,0.4452,-0.9434,0,0
2024-08-06,sz.002081,3.15,3.2,3.14,3.17,11507161,36405683.54,0.4354,0.6349,0,0
2024-08-07,sz.002081,3.17,3.18,3.13,3.14,6679705,21038701.7,0.2527,-0.9464,0,0
2024-08-08,sz.002081,3.14,3.22,3.13,3.17,9470700,30053821.5,0.3583,0.9554,0,0
2024-08-09,sz.002081,3.18,3.25,3.17,3.19,11322610,36420200.35,0.4284,0.6309,0,0
2024-08-12,sz.002081,3.2,3.2,3.14,3.15,7765550,24561498.0,0.2938,-1.2539,0,0
2024-08-13,sz.002081,3.15,3.19,3.12,3.18,7412500,23477121.0,0.2805,0.9524,0,0
2024-08-14,sz.002081,3.17,3.26,3.16,3.16,10213765,32721287.4,0.3864,-0.6289,0,0
2024-08-15,sz.002081,3.15,3.22,3.13,3.19,11376058,36255808.6,0.4304,0.9494,0,0
2024-08-16,sz.002081,3.19,3.21,3.13,3.14,10398969,32811107.66,0.3934,-1.5674,0,0
2024-08-19,sz.002081,3.14,3.17,3.12,3.14,6784506,21317224.78,0.2567,0.0,0,0
2024-08-20,sz.002081,3.16,3.16,3.07,3.09,9949500,30789125.0,0.3764,-1.5924,0,0
2024-08-21,sz.002081,3.07,3.09,3.05,3.06,6182481,18970633.05,0.2339,-0.9709,0,0
2024-08-22,sz.002081,3.06,3.09,3.03,3.03,9387910,28695289.6,0.3552,-0.9804,0,0
2024-08-23,sz.002081,3.03,3.05,3.0,3.03,9469150,28674689.0,0.3583,0.0,0,0
2024-08-26,sz.002081,3.04,3.11,3.03,3.08,7389650,22738106.5,0.2796,1.6502,0,0
2024-08-27,sz.002081,3.07,3.1,3.02,3.05,8550945,26092704.35,0.3235,-0.974,0,0
2024-08-28,sz.002081,3.06,3.1,3.03,3.06,7271050,22283590.5,0.2751,0.3279,0,0
2024-08-29,sz.002081,3.05,3.06,3.02,3.03,9572150,29095551.5,0.3622,-0.9804,0,0
2024-08-30,sz.002081,3.03,3.14,3.02,3.08,19022493,58682213.94,0.7197,1.6502,0,0
2024-09-02,sz.002081,3.06,3.08,2.98,2.98,19975050,60045956.0,0.7556,-3.2468,0,0
2024-09-03,sz.002081,2.98,2.99,2.93,2.96,12089100,35796792.0,0.4573,-0.6711,0,0
2024-09-04,sz.002081,2.94,2.99,2.93,2.93,9671706,28535117.58,0.3659,-1.0135,0,0
2024-09-05,sz.002081,2.94,2.96,2.93,2.95,7889050,23232771.0,0.2984,0.6826,0,0
2024-09-06,sz.002081,2.94,2.95,2.91,2.92,7105900,20790731.0,0.2688,-1.0169,0,0
2024-09-09,sz.002081,2.9,2.94,2.88,2.9,8778725,25519507.66,0.3321,-0.6849,0,0
2024-09-10,sz.002081,2.91,2.92,2.84,2.88,11335225,32508707.0,0.4288,-0.6897,0,0
2024-09-11,sz.002081,2.86,2.89,2.84,2.85,8617281,24630882.54,0.326,-1.0417,0,0
2024-09-12,sz.002081,2.86,2.91,2.85,2.88,9269950,26770522.0,0.3507,1.0526,0,0
2024-09-13,sz.002081,2.88,2.9,2.86,2.87,6626200,19075168.0,0.2507,-0.3472,0,0
2024-09-18,sz.002081,2.88,2.89,2.81,2.85,7435850,21130972.0,0.2813,-0.6969,0,0
2024-09-19,sz.002081,2.87,2.96,2.87,2.94,14261692,41669460.53,0.5395,3.1579,0,0
2024-09-20,sz.002081,2.93,2.94,2.9,2.92,8436300,24644520.0,0.3191,-0.6803,0,0
2024-09-23,sz.002081,2.92,2.94,2.9,2.93,5124400,14999099.0,0.1939,0.3425,0,0
2024-09-24,sz.002081,2.96,3.02,2.94,3.02,15352388,45913582.38,0.5808,3.0717,0,0
2024-09-25,sz.002081,3.05,3.16,3.04,3.09,24481808,76382273.45,0.9261,2.3179,0,0
2024-09-26,sz.002081,3.09,3.29,3.08,3.29,34552244,110299506.05,1.3071,6.4725,0,0
2024-09-27,sz.002081,3.33,3.42,3.26,3.39,41566551,138742585.62,1.5724,3.0395,0,0
2024-09-30,sz.002081,3.56,3.73,3.52,3.73,79116543,288513363.64,2.9929,10.0295,1,0
2024-10-08,sz.002081,4.1,4.1,3.71,3.84,91777072,357175846.61,3.4719,2.9491,0,0
2024-10-09,sz.002081,3.77,3.79,3.49,3.51,54296437,196877503.49,2.054,-8.5938,0,0
2024-10-10,sz.002081,3.53,3.62,3.44,3.51,35355307,125047202.03,1.3375,0.0,0,0
2024-10-11,sz.002081,3.53,3.55,3.39,3.41,26758981,92466687.93,1.0123,-2.849,0,0
2024-10-14,sz.002081,3.42,3.53,3.39,3.5,30789271,106711967.31,1.1647,2.6393,0,0
2024-10-15,sz.002081,3.48,3.55,3.45,3.48,28775160,100910597.8,1.0886,-0.5714,0,0
2024-10-16,sz.002081,3.45,3.58,3.45,3.55,32935460,116296174.25,1.2459,2.0115,0,0
2024-10-17,sz.002081,3.56,3.58,3.46,3.47,28416340,100021424.1,1.075,-2.2535,0,0
2024-10-18,sz.002081,3.47,3.56,3.41,3.51,38142294,132544377.53,1.4429,1.1527,0,0
2024-10-21,sz.002081,3.51,3.53,3.45,3.48,25214050,87771845.5,0.9538,-0.8547,0,0
2024-10-22,sz.002081,3.46,3.51,3.45,3.5,22289700,77535687.12,0.8432,0.5747,0,0
2024-10-23,sz.002081,3.5,3.57,3.49,3.53,24888668,88012771.51,0.9415,0.8571,0,0
2024-10-24,sz.002081,3.52,3.54,3.48,3.51,14982922,52516503.74,0.5668,-0.5666,0,0
2024-10-25,sz.002081,3.5,3.6,3.5,3.59,23920002,85502325.61,0.9049,2.2792,0,0
2024-10-28,sz.002081,3.6,3.68,3.59,3.68,25424920,92764592.02,0.9618,2.507,0,0
2024-10-29,sz.002081,3.69,3.7,3.55,3.57,24247240,87419363.43,0.9173,-2.9891,0,0
2024-10-30,sz.002081,3.56,3.63,3.55,3.59,18607556,66756375.98,0.7039,0.5602,0,0
2024-10-31,sz.002081,3.59,3.65,3.57,3.63,23341826,84385065.86,0.883,1.1142,0,0
2024-11-01,sz.002081,3.63,3.66,3.55,3.58,28240205,101260105.0,1.0683,-1.3774,0,0
2024-11-04,sz.002081,3.54,3.57,3.5,3.55,24346550,85817771.0,0.921,-0.838,0,0
2024-11-05,sz.002081,3.54,3.69,3.54,3.69,36397814,132772830.6,1.3769,3.9437,0,0
2024-11-06,sz.002081,3.69,3.74,3.61,3.7,37491304,138190376.22,1.4183,0.271,0,0
2024-11-07,sz.002081,3.68,3.84,3.67,3.84,42100201,159496627.89,1.5926,3.7838,0,0
2024-11-08,sz.002081,3.89,3.91,3.74,3.76,40095315,152122436.75,1.5168,-2.0833,0,0
2024-11-11,sz.002081,3.75,3.79,3.68,3.74,28370950,105595675.5,1.0733,-0.5319,0,0
2024-11-12,sz.002081,3.74,3.78,3.67,3.7,32508618,121335307.84,1.2298,-1.0695,0,0
2024-11-13,sz.002081,3.67,3.76,3.65,3.69,25034703,92480180.24,0.9471,-0.2703,0,0
2024-11-14,sz.002081,3.72,3.72,3.61,3.61,20523004,74840534.14,0.7764,-2.168,0,0
2024-11-15,sz.002081,3.6,3.64,3.52,3.53,29919453,107349462.17,1.1318,-2.2161,0,0
2024-11-18,sz.002081,3.57,3.72,3.57,3.62,46756092,170962601.2,1.7688,2.5496,0,0
2024-11-19,sz.002081,3.61,3.66,3.57,3.64,27204322,98061766.86,1.0291,0.5525,0,0
2024-11-20,sz.002081,3.62,3.68,3.6,3.67,23065193,84055626.13,0.8725,0.8242,0,0
2024-11-21,sz.002081,3.66,3.67,3.6,3.64,18565568,67391812.47,0.7023,-0.8174,0,0
2024-11-22,sz.002081,3.62,3.65,3.51,3.51,25015476,89843227.95,0.9463,-3.5714,0,0
2024-11-25,sz.002081,3.52,3.55,3.48,3.53,17651066,62025895.62,0.6677,0.5698,0,0
2024-11-26,sz.002081,3.51,3.54,3.49,3.51,16454003,57877251.53,0.6224,-0.5666,0,0
2024-11-27,sz.002081,3.51,3.58,3.44,3.58,23006348,80462324.59,0.8703,1.9943,0,0
2024-11-28,sz.002081,3.57,3.74,3.56,3.66,42184106,154672140.11,1.5958,2.2346,0,0
2024-11-29,sz.002081,3.68,3.75,3.66,3.71,29380802,108982407.07,1.1115,1.3661,0,0
2024-12-02,sz.002081,3.71,3.88,3.68,3.83,44390563,169082524.84,1.6793,3.2345,0,0
2024-12-03,sz.002081,3.83,3.84,3.76,3.82,27674873,104988594.0,1.0469,-0.2611,0,0
2024-12-04,sz.002081,3.82,3.82,3.71,3.72,21532950,80768049.5,0.8146,-2.6178,0,0
2024-12-05,sz.002081,3.73,3.74,3.69,3.71,20394507,75736607.4,0.7715,-0.2688,0,0
2024-12-06,sz.002081,3.73,4.08,3.73,4.08,73719166,297226502.46,2.7888,9.973,1,0
2024-12-09,sz.002081,4.08,4.09,3.92,3.96,116375078,465208042.27,4.4024,-2.9412,0,0
2024-12-10,sz.002081,4.17,4.17,3.92,3.92,82066957,329586397.62,3.1046,-1.0101,0,0
2024-12-11,sz.002081,3.94,4.29,3.93,4.16,121950661,504056178.54,4.6133,6.1224,0,0
2024-12-12,sz.002081,4.14,4.23,4.08,4.2,81411147,340221380.04,3.0797,0.9615,0,0
2024-12-13,sz.002081,4.17,4.23,4.03,4.04,71283212,291663185.49,2.6966,-3.8095,0,0
2024-12-16,sz.002081,4.06,4.1,3.99,4.02,37662996,151868650.89,1.4248,-0.495,0,0
2024-12-17,sz.002081,4.0,4.03,3.88,3.9,35396390,139063426.56,1.339,-2.9851,0,0
2024-12-18,sz.002081,3.9,3.94,3.86,3.88,22049251,86010039.37,0.8341,-0.5128,0,0
2024-12-19,sz.002081,3.84,3.9,3.8,3.89,24158650,92813055.5,0.9139,0.2577,0,0
2024-12-20,sz.002081,3.87,3.91,3.82,3.84,21809550,84066985.5,0.825,-1.2853,0,0
2024-12-23,sz.002081,3.84,3.85,3.74,3.75,24161914,91209162.34,0.914,-2.3438,0,0
2024-12-24,sz.002081,3.75,3.79,3.73,3.77,15342761,57655316.14,0.5804,0.5333,0,0
2024-12-25,sz.002081,3.77,3.77,3.68,3.71,18032900,66812542.0,0.6822,-1.5915,0,0
2024-12-26,sz.002081,3.71,3.75,3.69,3.69,13812550,51307215.5,0.5225,-0.5391,0,0
2024-12-27,sz.002081,3.69,3.79,3.68,3.74,18969837,71159012.43,0.7176,1.355,0,0
2024-12-30,sz.002081,3.74,3.75,3.62,3.66,20970046,76852500.85,0.7933,-2.139,0,0
2024-12-31,sz.002081,3.66,3.7,3.57,3.57,19833600,71744824.0,0.7503,-2.459,0,0
2025-01-02,sz.002081,3.57,3.62,3.46,3.49,22470050,79551953.5,0.85,-2.2409,0,0
2025-01-03,sz.002081,3.5,3.52,3.38,3.4,23188037,79937376.17,0.8772,-2.5788,0,0
2025-01-06,sz.002081,3.4,3.45,3.36,3.43,17234322,58795315.12,0.652,0.8824,0,0
2025-01-07,sz.002081,3.42,3.45,3.38,3.42,14173060,48300114.2,0.5362,-0.2915,0,0
2025-01-08,sz.002081,3.42,3.43,3.27,3.35,28293950,94635430.0,1.0703,-2.0468,0,0
2025-01-09,sz.002081,3.33,3.34,3.3,3.31,15632600,51903709.0,0.5914,-1.194,0,0
2025-01-10,sz.002081,3.32,3.33,3.24,3.24,14857760,48831945.0,0.5621,-2.1148,0,0
2025-01-13,sz.002081,3.23,3.27,3.2,3.26,15004501,48575322.25,0.5676,0.6173,0,0
2025-01-14,sz.002081,3.24,3.36,3.24,3.36,20575787,68089923.81,0.7784,3.0675,0,0
2025-01-15,sz.002081,3.34,3.36,3.3,3.34,17550893,58454246.76,0.6639,-0.5952,0,0
2025-01-16,sz.002081,3.35,3.44,3.34,3.37,19168922,64921358.96,0.7252,0.8982,0,0
2025-01-17,sz.002081,3.36,3.38,3.31,3.37,12714474,42596865.64,0.481,0.0,0,0
2025-01-20,sz.002081,3.38,3.41,3.33,3.37,10902350,36811020.5,0.4124,0.0,0,0
2025-01-21,sz.002081,3.39,3.42,3.34,3.36,14322443,48331190.79,0.5418,-0.2967,0,0
2025-01-22,sz.002081,3.35,3.35,3.3,3.33,11171450,37137781.5,0.4226,-0.8929,0,0
2025-01-23,sz.002081,3.35,3.41,3.35,3.35,14794769,50088316.53,0.5597,0.6006,0,0
2025-01-24,sz.002081,3.35,3.4,3.32,3.39,15638425,52661243.91,0.5916,1.194,0,0
2025-01-27,sz.002081,3.4,3.48,3.4,3.41,14466800,49754639.0,0.5473,0.59,0,0
2025-02-05,sz.002081,3.43,3.44,3.36,3.39,13176119,44827081.72,0.4984,-0.5865,0,0
2025-02-06,sz.002081,3.39,3.41,3.34,3.41,13021687,44057667.45,0.4926,0.59,0,0
2025-02-07,sz.002081,3.4,3.55,3.39,3.5,28232190,98543864.38,1.068,2.6393,0,0
2025-02-10,sz.002081,3.5,3.53,3.48,3.5,17535722,61484208.44,0.6634,0.0,0,0
2025-02-11,sz.002081,3.51,3.52,3.44,3.48,14326553,49651244.91,0.542,-0.5714,0,0
2025-02-12,sz.002081,3.47,3.51,3.46,3.51,15862304,55292950.5,0.6001,0.8621,0,0
2025-02-13,sz.002081,3.51,3.56,3.49,3.52,18741301,66110441.03,0.709,0.2849,0,0
2025-02-14,sz.002081,3.51,3.55,3.48,3.52,16538708,58026874.16,0.6257,0.0,0,0
2025-02-17,sz.002081,3.55,3.57,3.51,3.55,22272014,78879228.06,0.8425,0.8523,0,0
2025-02-18,sz.002081,3.54,3.55,3.46,3.47,17390400,60804267.0,0.6579,-2.2535,0,0
2025-02-19,sz.002081,3.47,3.5,3.45,3.48,14866294,51586470.13,0.5624,0.2882,0,0
2025-02-20,sz.002081,3.46,3.47,3.43,3.45,15653443,53969612.92,0.5922,-0.8621,0,0
2025-02-21,sz.002081,3.46,3.47,3.39,3.44,17623602,60363620.88,0.6667,-0.2899,0,0
2025-02-24,sz.002081,3.43,3.51,3.43,3.47,20315960,70591560.8,0.7685,0.8721,0,0
2025-02-25,sz.002081,3.47,3.47,3.41,3.43,14820163,50998441.02,0.5606,-1.1527,0,0
2025-02-26,sz.002081,3.43,3.49,3.43,3.49,18010223,62571880.84,0.6813,1.7493,0,0
2025-02-27,sz.002081,3.48,3.52,3.43,3.46,18140662,62850266.52,0.6863,-0.8596,0,0
2025-02-28,sz.002081,3.46,3.49,3.4,3.41,17646500,60648904.5,0.6676,-1.4451,0,0
2025-03-03,sz.002081,3.41,3.46,3.4,3.41,16750111,57503857.54,0.6336,0.0,0,0
2025-03-04,sz.002081,3.41,3.43,3.38,3.42,12909803,43931437.67,0.4884,0.2933,0,0
2025-03-05,sz.002081,3.41,3.43,3.34,3.37,18279451,61549989.37,0.6915,-1.462,0,0
2025-03-06,sz.002081,3.38,3.42,3.34,3.42,18968250,64231989.5,0.7176,1.4837,0,0
2025-03-07,sz.002081,3.41,3.44,3.38,3.41,13332290,45491865.08,0.5044,-0.2924,0,0
2025-03-10,sz.002081,3.42,3.44,3.4,3.42,18003181,61625589.02,0.6811,0.2933,0,0
2025-03-11,sz.002081,3.4,3.46,3.38,3.46,20511763,70216646.22,0.7759,1.1696,0,0
2025-03-12,sz.002081,3.46,3.47,3.44,3.46,16981365,58704493.6,0.6424,0.0,0,0
2025-03-13,sz.002081,3.45,3.46,3.41,3.43,17696100,60687207.0,0.6694,-0.8671,0,0
2025-03-14,sz.002081,3.43,3.5,3.43,3.5,25825200,89830632.5,0.977,2.0408,0,0
2025-03-17,sz.002081,3.52,3.55,3.51,3.53,17294810,61010962.7,0.6543,0.8571,0,0
2025-03-18,sz.002081,3.54,3.55,3.5,3.51,12594500,44223091.0,0.4764,-0.5666,0,0
2025-03-19,sz.002081,3.51,3.52,3.48,3.49,11026301,38510638.51,0.4171,-0.5698,0,0
2025-03-20,sz.002081,3.49,3.53,3.48,3.5,12882207,45142702.5,0.4873,0.2865,0,0
2025-03-21,sz.002081,3.49,3.55,3.48,3.51,21443080,75457559.38,0.8112,0.2857,0,0
2025-03-24,sz.002081,3.51,3.52,3.38,3.42,26727280,91740019.5,1.0111,-2.5641,0,0
2025-03-25,sz.002081,3.41,3.45,3.39,3.43,17088550,58505168.5,0.6465,0.2924,0,0
2025-03-26,sz.002081,3.44,3.47,3.42,3.46,14614251,50436692.45,0.5528,0.8746,0,0
2025-03-27,sz.002081,3.46,3.47,3.4,3.44,14831800,51021420.0,0.5611,-0.578,0,0
2025-03-28,sz.002081,3.43,3.44,3.39,3.4,13611150,46451490.0,0.5149,-1.1628,0,0
2025-03-31,sz.002081,3.4,3.41,3.3,3.32,20123336,67309744.36,0.7613,-2.3529,0,0
2025-04-01,sz.002081,3.33,3.37,3.32,3.36,13961695,46791186.63,0.5282,1.2048,0,0
2025-04-02,sz.002081,3.36,3.38,3.34,3.37,9072850,30519643.5,0.3432,0.2976,0,0
2025-04-03,sz.002081,3.35,3.43,3.34,3.41,16693950,56786966.5,0.6315,1.1869,0,0
2025-04-07,sz.002081,3.32,3.32,3.07,3.07,44027672,139202242.91,1.6655,-9.9707,0,1
2025-04-08,sz.002081,3.1,3.19,3.1,3.18,33317034,105222295.66,1.2604,3.5831,0,0
2025-04-09,sz.002081,3.15,3.26,3.08,3.24,25116376,79661408.19,0.9501,1.8868,0,0
2025-04-10,sz.002081,3.26,3.29,3.23,3.24,19097061,62228184.75,0.7224,0.0,0,0
2025-04-11,sz.002081,3.22,3.26,3.22,3.23,13051500,42279260.0,0.4937,-0.3086,0,0
2025-04-14,sz.002081,3.25,3.27,3.22,3.24,14362703,46543868.75,0.5433,0.3096,0,0
2025-04-15,sz.002081,3.23,3.25,3.21,3.23,12158813,39232766.27,0.46,-0.3086,0,0
2025-04-16,sz.002081,3.23,3.25,3.2,3.23,12301906,39663000.26,0.4654,0.0,0,0
2025-04-17,sz.002081,3.23,3.3,3.21,3.27,17997049,58938663.25,0.6808,1.2384,0,0
2025-04-18,sz.002081,3.27,3.3,3.25,3.28,10291428,33648036.0,0.3893,0.3058,0,0
2025-04-21,sz.002081,3.28,3.3,3.26,3.29,9915000,32513889.0,0.3751,0.3049,0,0
2025-04-22,sz.002081,3.28,3.35,3.28,3.33,14618600,48464829.0,0.553,1.2158,0,0
2025-04-23,sz.002081,3.34,3.36,3.32,3.33,12355350,41165464.0,0.4674,0.0,0,0
2025-04-24,sz.002081,3.33,3.36,3.31,3.33,12241680,40847186.28,0.4631,0.0,0,0
2025-04-25,sz.002081,3.34,3.41,3.33,3.36,14643100,49434195.0,0.5539,0.9009,0,0
2025-04-28,sz.002081,3.36,3.37,3.29,3.31,12827500,42559977.0,0.4853,-1.4881,0,0
2025-04-29,sz.002081,3.33,3.47,3.33,3.42,23805680,81361615.2,0.9004,3.3233,0,0
2025-04-30,sz.002081,3.43,3.5,3.42,3.47,27401150,95362379.5,1.0364,1.462,0,0
2025-05-06,sz.002081,3.49,3.58,3.48,3.58,28602452,101230522.08,1.0819,3.17,0,0
2025-05-07,sz.002081,3.6,3.63,3.55,3.57,22894517,82096790.44,0.866,-0.2793,0,0
2025-05-08,sz.002081,3.57,3.59,3.54,3.54,15954775,56821140.75,0.6035,-0.8403,0,0
2025-05-09,sz.002081,3.55,3.6,3.54,3.55,14859550,52917744.5,0.5621,0.2825,0,0
2025-05-12,sz.002081,3.55,3.62,3.53,3.61,24427238,87505167.52,0.9239,1.6901,0,0
2025-05-13,sz.002081,3.61,3.63,3.57,3.59,15991466,57470840.94,0.6049,-0.554,0,0
2025-05-14,sz.002081,3.58,3.61,3.55,3.59,16273094,58201382.96,0.6155,0.0,0,0
2025-05-15,sz.002081,3.59,3.61,3.57,3.57,11246439,40329341.23,0.4254,-0.5571,0,0
2025-05-16,sz.002081,3.57,3.61,3.55,3.56,15084600,53904843.0,0.5706,-0.2801,0,0
2025-05-19,sz.002081,3.58,3.62,3.57,3.6,16742116,60265393.6,0.6333,1.1236,0,0
2025-05-20,sz.002081,3.61,3.63,3.57,3.58,14436106,51790114.48,0.546,-0.5556,0,0
2025-05-21,sz.002081,3.58,3.61,3.57,3.59,10347479,37133142.11,0.3914,0.2793,0,0
2025-05-22,sz.002081,3.58,3.59,3.54,3.56,11912237,42428258.98,0.4506,-0.8357,0,0
2025-05-23,sz.002081,3.55,3.58,3.51,3.51,11979200,42477604.0,0.4531,-1.4045,0,0
2025-05-26,sz.002081,3.51,3.55,3.5,3.54,12086400,42721188.0,0.4572,0.8547,0,0
2025-05-27,sz.002081,3.54,3.58,3.52,3.57,11699497,41493859.29,0.4425,0.8475,0,0
2025-05-28,sz.002081,3.57,3.58,3.54,3.56,10533250,37443352.0,0.3984,-0.2801,0,0
2025-05-29,sz.002081,3.56,3.59,3.55,3.57,14926148,53345159.86,0.5646,0.2809,0,0
2025-05-30,sz.002081,3.56,3.59,3.55,3.57,15262700,54559302.0,0.5773,0.0,0,0
2025-06-03,sz.002081,3.56,3.57,3.51,3.53,17583275,62217653.25,0.6651,-1.1204,0,0
2025-06-04,sz.002081,3.53,3.56,3.5,3.55,13925808,49272876.24,0.5267,0.5666,0,0
2025-06-05,sz.002081,3.54,3.57,3.52,3.54,16193616,57363934.76,0.6125,-0.2817,0,0
2025-06-06,sz.002081,3.46,3.48,3.45,3.48,15341908,53155452.76,0.5803,1.1628,0,0
2025-06-09,sz.002081,3.49,3.49,3.45,3.48,13018450,45207263.5,0.4924,0.0,0,0
2025-06-10,sz.002081,3.48,3.5,3.43,3.46,13434068,46538817.96,0.5081,-0.5747,0,0
2025-06-11,sz.002081,3.46,3.5,3.45,3.47,12752392,44414670.11,0.4824,0.289,0,0
2025-06-12,sz.002081,3.47,3.48,3.45,3.47,12856500,44509657.0,0.4863,0.0,0,0
2025-06-13,sz.002081,3.46,3.47,3.41,3.42,26938430,92354743.94,1.0189,-1.4409,0,0
2025-06-16,sz.002081,3.42,3.44,3.4,3.42,15007650,51354491.0,0.5677,0.0,0,0
2025-06-17,sz.002081,3.42,3.44,3.39,3.44,12606947,43069047.3,0.4769,0.5848,0,0
2025-06-18,sz.002081,3.43,3.44,3.37,3.38,12908350,43817597.5,0.4883,-1.7442,0,0
2025-06-19,sz.002081,3.37,3.38,3.31,3.31,15001552,50008746.64,0.5674,-2.071,0,0
2025-06-20,sz.002081,3.32,3.36,3.32,3.34,11572252,38697015.7,0.4377,0.9063,0,0
2025-06-23,sz.002081,3.33,3.34,3.31,3.33,12640003,42064601.0,0.4781,-0.2994,0,0
2025-06-24,sz.002081,3.34,3.4,3.34,3.4,16586099,55970863.66,0.6274,2.1021,0,0
2025-06-25,sz.002081,3.4,3.43,3.37,3.42,12048156,40965442.28,0.4557,0.5882,0,0
2025-06-26,sz.002081,3.43,3.46,3.42,3.44,14780521,50826746.03,0.5591,0.5848,0,0
2025-06-27,sz.002081,3.43,3.48,3.43,3.45,15031350,51952640.5,0.5686,0.2907,0,0
2025-06-30,sz.002081,3.44,3.47,3.41,3.43,16668840,57134849.96,0.6305,-0.5797,0,0
2025-07-01,sz.002081,3.43,3.46,3.42,3.45,15732402,54180698.88,0.5951,0.5831,0,0
2025-07-02,sz.002081,3.46,3.48,3.43,3.46,23199302,80162085.62,0.8775,0.2899,0,0
2025-07-03,sz.002081,3.46,3.51,3.46,3.49,19955820,69649803.58,0.7548,0.8671,0,0
2025-07-04,sz.002081,3.49,3.62,3.49,3.57,35736046,127286266.76,1.3517,2.2923,0,0
2025-07-07,sz.002081,3.56,3.61,3.54,3.58,20587825,73550950.87,0.7787,0.2801,0,0
2025-07-08,sz.002081,3.58,3.62,3.57,3.6,22048744,79222167.83,0.834,0.5587,0,0
2025-07-09,sz.002081,3.61,3.67,3.61,3.65,23952256,87411120.34,0.906,1.3889,0,0
2025-07-10,sz.002081,3.65,3.73,3.64,3.73,29504546,108965784.2,1.116,2.1918,0,0
2025-07-11,sz.002081,3.73,3.76,3.67,3.68,28860378,106836626.32,1.0916,-1.3405,0,0
2025-07-14,sz.002081,3.7,3.71,3.68,3.7,20742135,76669796.15,0.7846,0.5435,0,0
2025-07-15,sz.002081,3.69,3.7,3.63,3.67,19675000,72093265.0,0.7442,-0.8108,0,0
2025-07-16,sz.002081,3.69,3.71,3.64,3.66,14648750,53683446.0,0.5541,-0.2725,0,0
2025-07-17,sz.002081,3.67,3.7,3.64,3.67,14618950,53563396.0,0.553,0.2732,0,0
2025-07-18,sz.002081,3.67,3.68,3.64,3.66,12729546,46479970.94,0.4815,-0.2725,0,0
2025-07-21,sz.002081,3.66,3.75,3.66,3.73,27150600,101001754.0,1.027,1.9126,0,0
2025-07-22,sz.002081,3.73,3.78,3.69,3.78,23743400,88763806.29,0.8981,1.3405,0,0
2025-07-23,sz.002081,3.78,3.8,3.74,3.74,21700950,81817422.5,0.8208,-1.0582,0,0
2025-07-24,sz.002081,3.75,3.8,3.72,3.77,27802850,104654476.0,1.0516,0.8021,0,0
2025-07-25,sz.002081,3.76,3.78,3.73,3.74,19933622,74681584.56,0.754,-0.7958,0,0
2025-07-28,sz.002081,3.75,3.75,3.7,3.71,17165550,63839206.51,0.6493,-0.8021,0,0
2025-07-29,sz.002081,3.71,3.74,3.67,3.71,17362983,64257184.94,0.6567,0.0,0,0
2025-07-30,sz.002081,3.69,3.73,3.68,3.69,15588601,57743302.19,0.5896,-0.5391,0,0
2025-07-31,sz.002081,3.69,3.7,3.6,3.62,24310559,88306720.58,0.9195,-1.897,0,0
2025-08-01,sz.002081,3.62,3.67,3.61,3.65,16221850,59154543.0,0.6136,0.8287,0,0
2025-08-04,sz.002081,3.65,3.67,3.62,3.65,14964500,54544293.0,0.566,0.0,0,0
2025-08-05,sz.002081,3.65,3.69,3.64,3.65,23437162,85857079.68,0.8865,0.0,0,0
2025-08-06,sz.002081,3.65,3.66,3.61,3.65,16755500,60828073.0,0.6338,0.0,0,0
2025-08-07,sz.002081,3.65,3.67,3.62,3.64,17412799,63490907.37,0.6586,-0.274,0,0
2025-08-08,sz.002081,3.64,3.68,3.64,3.67,16934976,61930800.17,0.6406,0.8242,0,0
2025-08-11,sz.002081,3.68,3.69,3.65,3.67,16556000,60797001.0,0.6262,0.0,0,0
2025-08-12,sz.002081,3.68,3.7,3.66,3.69,13126869,48331308.92,0.4965,0.545,0,0
2025-08-13,sz.002081,3.7,3.7,3.66,3.68,17722620,65224338.4,0.6703,-0.271,0,0
2025-08-14,sz.002081,3.68,3.7,3.61,3.62,19358664,70701561.18,0.7322,-1.6304,0,0
2025-08-15,sz.002081,3.61,3.66,3.61,3.62,29461838,106920186.16,1.1144,0.0,0,0
2025-08-18,sz.002081,3.63,3.63,3.56,3.56,37574725,135390891.25,1.4212,-1.6575,0,0
2025-08-19,sz.002081,3.58,3.62,3.55,3.57,35025818,125484565.87,1.3248,0.2809,0,0
2025-08-20,sz.002081,3.56,3.59,3.55,3.59,29220328,104251619.44,1.1052,0.5602,0,0
2025-08-21,sz.002081,3.59,3.63,3.58,3.61,32806871,118478276.62,1.2409,0.5571,0,0
2025-08-22,sz.002081,3.61,3.63,3.57,3.62,25693702,92333951.17,0.9719,0.277,0,0
2025-08-25,sz.002081,3.67,3.72,3.62,3.62,74509968,273061897.97,2.8174,0.0,0,0
2025-08-26,sz.002081,3.64,3.73,3.61,3.7,59542782,218570113.71,2.2515,2.2099,0,0
2025-08-27,sz.002081,3.69,3.7,3.56,3.57,49244439,179176316.35,1.8621,-3.5135,0,0
2025-08-28,sz.002081,3.57,3.6,3.48,3.56,46714123,165494917.96,1.7664,-0.2801,0,0
2025-08-29,sz.002081,3.57,3.6,3.52,3.53,37914741,134598691.33,1.4337,-0.8427,0,0
2025-09-01,sz.002081,3.53,3.54,3.46,3.5,33883489,118775636.3,1.2812,-0.8499,0,0
2025-09-02,sz.002081,3.51,3.51,3.45,3.49,28662000,99707754.0,1.0838,-0.2857,0,0
2025-09-03,sz.002081,3.49,3.5,3.43,3.43,25332800,87541521.5,0.9579,-1.7192,0,0
2025-09-04,sz.002081,3.43,3.48,3.42,3.46,27461780,94833704.22,1.0384,0.8746,0,0
2025-09-05,sz.002081,3.47,3.48,3.43,3.48,24592499,84983464.27,0.9299,0.578,0,0
2025-09-08,sz.002081,3.47,3.52,3.46,3.48,37114991,129188565.07,1.4034,0.0,0,0
2025-09-09,sz.002081,3.48,3.52,3.47,3.51,32509929,113817260.27,1.2293,0.8621,0,0
2025-09-10,sz.002081,3.51,3.54,3.49,3.5,20519827,71976367.56,0.7759,-0.2849,0,0
2025-09-11,sz.002081,3.5,3.55,3.47,3.55,26977789,94806029.39,1.0201,1.4286,0,0
2025-09-12,sz.002081,3.55,3.58,3.53,3.55,30472708,108333250.72,1.1523,0.0,0,0
2025-09-15,sz.002081,3.55,3.6,3.54,3.59,30157976,107703266.02,1.1404,1.1268,0,0
2025-09-16,sz.002081,3.6,3.68,3.58,3.66,40482759,147039355.37,1.5308,1.9499,0,0
2025-09-17,sz.002081,3.67,3.72,3.64,3.69,43713308,160627953.39,1.6529,0.8197,0,0
2025-09-18,sz.002081,3.69,3.71,3.6,3.62,42188253,154263844.6,1.5953,-1.897,0,0
2025-09-19,sz.002081,3.62,3.65,3.54,3.59,32446253,116114018.21,1.2269,-0.8287,0,0
2025-09-22,sz.002081,3.58,3.58,3.49,3.52,24977211,87865656.97,0.9445,-1.9499,0,0
2025-09-23,sz.002081,3.52,3.52,3.39,3.47,37331950,128535228.0,1.4116,-1.4205,0,0
2025-09-24,sz.002081,3.46,3.52,3.44,3.51,20942638,73006698.0,0.7919,1.1527,0,0
2025-09-25,sz.002081,3.5,3.53,3.46,3.49,20623207,71955002.72,0.7798,-0.5698,0,0
2025-09-26,sz.002081,3.48,3.54,3.46,3.5,24955200,87441608.0,0.9436,0.2865,0,0
2025-09-29,sz.002081,3.51,3.52,3.43,3.51,29540500,102962694.5,1.117,0.2857,0,0
2025-09-30,sz.002081,3.5,3.53,3.48,3.5,19378739,67969269.5,0.7328,-0.2849,0,0
2025-10-09,sz.002081,3.51,3.54,3.49,3.53,24557539,86360680.81,0.9286,0.8571,0,0
2025-10-10,sz.002081,3.53,3.62,3.51,3.59,43382106,155060740.43,1.6404,1.6997,0,0
2025-10-13,sz.002081,3.54,3.59,3.5,3.57,32786798,116329610.88,1.2398,-0.5571,0,0
2025-10-14,sz.002081,3.59,3.61,3.55,3.57,32640266,116728134.29,1.2342,0.0,0,0
2025-10-15,sz.002081,3.57,3.62,3.56,3.62,26210338,94420742.42,0.9911,1.4006,0,0
2025-10-16,sz.002081,3.62,3.62,3.58,3.59,23173139,83304712.4,0.8762,-0.8287,0,0
2025-10-17,sz.002081,3.59,3.62,3.53,3.54,26334698,93954855.78,0.9958,-1.3928,0,0
2025-10-20,sz.002081,3.55,3.57,3.51,3.54,23040264,81485648.92,0.8712,0.0,0,0
2025-10-21,sz.002081,3.55,3.68,3.54,3.65,44806760,162541100.07,1.6943,3.1073,0,0
2025-10-22,sz.002081,3.65,3.67,3.63,3.64,26645400,97168152.0,1.0075,-0.274,0,0
2025-10-23,sz.002081,3.63,3.69,3.62,3.69,34696232,127130055.21,1.312,1.3736,0,0
2025-10-24,sz.002081,3.68,3.7,3.63,3.64,28526108,104311432.7,1.0787,-1.355,0,0
2025-10-27,sz.002081,3.64,3.7,3.64,3.66,33350880,122250622.4,1.2611,0.5495,0,0
2025-10-28,sz.002081,3.65,3.66,3.62,3.62,20645132,75055027.48,0.7807,-1.0929,0,0
2025-10-29,sz.002081,3.62,3.63,3.58,3.63,20001050,72188508.0,0.7563,0.2762,0,0
2025-10-30,sz.002081,3.55,3.56,3.42,3.42,76664800,265550590.0,2.8989,-5.7851,0,0
2025-10-31,sz.002081,3.42,3.44,3.39,3.4,44002371,149766005.69,1.6639,-0.5848,0,0
2025-11-03,sz.002081,3.39,3.41,3.36,3.39,41520431,140148422.14,1.57,-0.2941,0,0
2025-11-04,sz.002081,3.39,3.4,3.37,3.38,26495934,89708948.39,1.0019,-0.295,0,0
2025-11-05,sz.002081,3.37,3.42,3.36,3.41,36105007,122484064.7,1.3652,0.8876,0,0
2025-11-06,sz.002081,3.41,3.44,3.39,3.42,40889650,139637991.0,1.5462,0.2933,0,0
2025-11-07,sz.002081,3.43,3.44,3.41,3.43,23553627,80676618.87,0.8906,0.2924,0,0
2025-11-10,sz.002081,3.43,3.46,3.41,3.45,33434639,114818230.55,1.2643,0.5831,0,0
2025-11-11,sz.002081,3.45,3.48,3.44,3.47,39054243,135135688.93,1.4768,0.5797,0,0
2025-11-12,sz.002081,3.47,3.48,3.44,3.45,20719813,71633747.46,0.7835,-0.5764,0,0
2025-11-13,sz.002081,3.46,3.48,3.44,3.47,26125749,90448213.15,0.9879,0.5797,0,0
2025-11-14,sz.002081,3.46,3.51,3.45,3.48,36072892,125931942.66,1.364,0.2882,0,0
2025-11-17,sz.002081,3.48,3.48,3.44,3.46,23229424,80344376.3,0.8784,-0.5747,0,0
2025-11-18,sz.002081,3.46,3.47,3.38,3.4,28206677,96247846.53,1.0666,-1.7341,0,0
2025-11-19,sz.002081,3.39,3.41,3.36,3.37,23593200,79688569.0,0.8921,-0.8824,0,0
2025-11-20,sz.002081,3.38,3.41,3.35,3.39,26067132,88240946.13,0.9857,0.5935,0,0
2025-11-21,sz.002081,3.37,3.39,3.29,3.3,32321613,107543632.51,1.2222,-2.6549,0,0
2025-11-24,sz.002081,3.3,3.33,3.28,3.31,23508998,77814204.88,0.8889,0.303,0,0
2025-11-25,sz.002081,3.32,3.33,3.3,3.31,14805651,49093367.81,0.5598,0.0,0,0
2025-11-26,sz.002081,3.31,3.33,3.29,3.3,14637000,48439548.0,0.5535,-0.3021,0,0
2025-11-27,sz.002081,3.3,3.31,3.26,3.29,13247031,43604364.05,0.5009,-0.303,0,0
2025-11-28,sz.002081,3.29,3.32,3.27,3.31,14217815,46868461.14,0.5376,0.6079,0,0
2025-12-01,sz.002081,3.31,3.33,3.3,3.31,13860848,45903315.38,0.5241,0.0,0,0
2025-12-02,sz.002081,3.3,3.32,3.28,3.31,13702476,45272831.33,0.5181,0.0,0,0
2025-12-03,sz.002081,3.31,3.32,3.29,3.3,14157398,46736802.38,0.5353,-0.3021,0,0
2025-12-04,sz.002081,3.31,3.31,3.27,3.28,14169901,46506557.28,0.5358,-0.6061,0,0
2025-12-05,sz.002081,3.28,3.3,3.26,3.29,15564745,50988093.22,0.5885,0.3049,0,0
2025-12-08,sz.002081,3.3,3.31,3.27,3.27,22229800,73093900.52,0.8406,-0.6079,0,0
2025-12-09,sz.002081,3.27,3.28,3.22,3.23,19551050,63322191.0,0.7393,-1.2232,0,0
2025-12-10,sz.002081,3.22,3.29,3.21,3.27,22361876,72629068.64,0.8456,1.2384,0,0
2025-12-11,sz.002081,3.26,3.27,3.2,3.23,20043903,64723145.16,0.7579,-1.2232,0,0
2025-12-12,sz.002081,3.23,3.24,3.2,3.21,13489292,43423536.19,0.5101,-0.6192,0,0
2025-12-15,sz.002081,3.2,3.22,3.18,3.19,13297489,42582031.91,0.5028,-0.6231,0,0
2025-12-16,sz.002081,3.19,3.21,3.18,3.2,14669863,46855132.34,0.5547,0.3135,0,0
2025-12-17,sz.002081,3.2,3.24,3.17,3.23,15115400,48402199.0,0.5716,0.9375,0,0
2025-12-18,sz.002081,3.21,3.24,3.21,3.23,10864825,35090695.5,0.4108,0.0,0,0
2025-12-19,sz.002081,3.23,3.27,3.22,3.26,15721066,51151504.82,0.5945,0.9288,0,0
2025-12-22,sz.002081,3.25,3.42,3.24,3.33,42305128,140712149.9,1.5997,2.1472,0,0
2025-12-23,sz.002081,3.3,3.33,3.27,3.28,26453786,87080245.5,1.0003,-1.5015,0,0
2025-12-24,sz.002081,3.29,3.32,3.28,3.28,17225196,56729462.31,0.6513,0.0,0,0
2025-12-25,sz.002081,3.33,3.35,3.29,3.29,17551785,58044872.5,0.6637,0.3049,0,0
2025-12-26,sz.002081,3.31,3.62,3.31,3.62,132400883,473777954.66,5.0065,10.0304,1,0
2025-12-29,sz.002081,3.8,3.8,3.54,3.54,184697456,674381793.52,6.9839,-2.2099,0,0
2025-12-30,sz.002081,3.59,3.62,3.47,3.49,79014978,278692918.94,2.9878,-1.4124,0,0
2025-12-31,sz.002081,3.5,3.53,3.42,3.42,56156091,193742823.4,2.1234,-2.0057,0,0
2026-01-05,sz.002081,3.46,3.76,3.43,3.63,119785818,430246410.79,4.5294,6.1404,0,0
2026-01-06,sz.002081,3.61,3.64,3.56,3.62,70695844,254089226.8,2.6732,-0.2755,0,0
2026-01-07,sz.002081,3.6,3.64,3.56,3.57,45366752,162740916.45,1.7154,-1.3812,0,0
2026-01-08,sz.002081,3.57,3.64,3.56,3.62,47323542,170589632.96,1.7894,1.4006,0,0
2026-01-09,sz.002081,3.62,3.64,3.57,3.61,45477575,163745211.49,1.7196,-0.2762,0,0
2026-01-12,sz.002081,3.6,3.71,3.6,3.7,71338660,262940243.55,2.6975,2.4931,0,0
2026-01-13,sz.002081,3.76,3.96,3.74,3.88,128927367,497195703.85,4.8751,4.8649,0,0
2026-01-14,sz.002081,3.83,3.94,3.75,3.8,99414475,382122589.14,3.7591,-2.0619,0,0
2026-01-15,sz.002081,3.78,3.79,3.68,3.7,56626638,210672586.1,2.1412,-2.6316,0,0
2026-01-16,sz.002081,3.73,3.94,3.72,3.85,89383159,342157144.91,3.3798,4.0541,0,0
2026-01-19,sz.002081,3.83,3.85,3.75,3.77,49699467,187512564.0,1.8793,-2.0779,0,0
2026-01-20,sz.002081,3.79,3.83,3.76,3.8,43179465,163452894.7,1.6327,0.7958,0,0
2026-01-21,sz.002081,3.78,3.79,3.73,3.75,45520850,171003922.5,1.7213,-1.3158,0,0
2026-01-22,sz.002081,3.75,3.77,3.7,3.76,38379650,143641192.5,1.4512,0.2667,0,0
2026-01-23,sz.002081,3.77,3.79,3.74,3.77,41705919,156880158.63,1.577,0.266,0,0
2026-01-26,sz.002081,3.76,3.78,3.68,3.69,49307137,182610876.71,1.8644,-2.122,0,0
2026-01-27,sz.002081,3.69,3.7,3.6,3.66,38542718,140316430.86,1.4574,-0.813,0,0
2026-01-28,sz.002081,3.67,3.72,3.65,3.67,34534153,127311567.5,1.3058,0.2732,0,0
2026-01-29,sz.002081,3.66,3.82,3.61,3.75,55859998,208505133.56,2.1122,2.1798,0,0
2026-01-30,sz.002081,3.74,3.79,3.67,3.73,40366500,150107227.0,1.5264,-0.5333,0,0
2026-02-02,sz.002081,3.72,3.74,3.61,3.62,38652976,141971130.66,1.4616,-2.9491,0,0
2026-02-03,sz.002081,3.67,3.79,3.66,3.71,41868258,155469331.6,1.5832,2.4862,0,0
2026-02-04,sz.002081,3.71,3.81,3.69,3.8,56487467,213183111.26,2.136,2.4259,0,0
2026-02-05,sz.002081,3.79,3.84,3.76,3.77,38281100,145073098.0,1.4475,-0.7895,0,0
2026-02-06,sz.002081,3.75,3.78,3.72,3.73,34355072,128818949.9,1.2991,-1.061,0,0
2026-02-09,sz.002081,3.76,3.82,3.75,3.77,38008866,143686748.5,1.4372,1.0724,0,0
2026-02-10,sz.002081,3.78,3.79,3.71,3.71,33566300,125392956.5,1.2692,-1.5915,0,0
2026-02-11,sz.002081,3.73,3.73,3.69,3.71,21480700,79836059.0,0.8122,0.0,0,0
2026-02-12,sz.002081,3.71,3.72,3.67,3.69,22190405,81947387.85,0.8391,-0.5391,0,0
2026-02-13,sz.002081,3.69,3.69,3.61,3.61,28154150,102469286.5,1.0646,-2.168,0,0
2026-02-24,sz.002081,3.65,3.69,3.63,3.67,24097799,88440472.36,0.9112,1.662,0,0
2026-02-25,sz.002081,3.67,3.79,3.66,3.74,39725037,149097148.51,1.5021,1.9074,0,0
2026-02-26,sz.002081,3.74,3.76,3.66,3.69,30832000,113797209.0,1.1658,-1.3369,0,0
2026-02-27,sz.002081,3.67,3.71,3.66,3.7,21196744,78254311.8,0.8015,0.271,0,0
2026-03-02,sz.002081,3.66,3.68,3.6,3.64,37859591,137541667.24,1.4316,-1.6216,0,0
2026-03-03,sz.002081,3.63,3.65,3.52,3.53,37513012,134083997.34,1.4185,-3.022,0,0
2026-03-04,sz.002081,3.51,3.55,3.45,3.46,27708491,96846084.75,1.0477,-1.983,0,0
2026-03-05,sz.002081,3.52,3.55,3.49,3.5,24814870,87372887.4,0.9383,1.1561,0,0
2026-03-06,sz.002081,3.48,3.64,3.48,3.62,35494429,126911225.27,1.3421,3.4286,0,0
2026-03-09,sz.002081,3.58,3.62,3.54,3.57,32882300,117371947.0,1.2434,-1.3812,0,0
2026-03-10,sz.002081,3.59,3.62,3.57,3.59,23327150,83934553.0,0.8821,0.5602,0,0
2026-03-11,sz.002081,3.58,3.64,3.54,3.63,27795860,100185252.5,1.051,1.1142,0,0
2026-03-12,sz.002081,3.64,3.66,3.61,3.64,26404197,96177654.05,0.9984,0.2755,0,0
2026-03-13,sz.002081,3.63,3.7,3.63,3.64,27676169,101502466.61,1.0465,0.0,0,0
2026-03-16,sz.002081,3.64,3.68,3.58,3.6,27580350,99745396.5,1.0429,-1.0989,0,0
2026-03-17,sz.002081,3.6,3.66,3.57,3.58,21730463,78622449.8,0.8217,-0.5556,0,0
2026-03-18,sz.002081,3.59,3.6,3.5,3.53,27720339,98118310.67,1.0482,-1.3966,0,0
2026-03-19,sz.002081,3.51,3.53,3.43,3.45,28368499,98534689.18,1.0727,-2.2663,0,0
2026-03-20,sz.002081,3.45,3.48,3.38,3.38,24466150,83704919.5,0.9251,-2.029,0,0
2026-03-23,sz.002081,3.34,3.35,3.16,3.19,40527320,131886418.2,1.5325,-5.6213,0,0
2026-03-24,sz.002081,3.25,3.31,3.18,3.3,27535700,89401744.0,1.0412,3.4483,0,0
2026-03-25,sz.002081,3.3,3.38,3.28,3.35,24748202,82766969.7,0.9358,1.5152,0,0
2026-03-26,sz.002081,3.35,3.4,3.3,3.31,25898402,86585826.62,0.9793,-1.194,0,0
2026-03-27,sz.002081,3.29,3.35,3.28,3.33,19745413,65615912.81,0.7466,0.6042,0,0
2026-03-30,sz.002081,3.29,3.38,3.26,3.37,23171970,77246831.3,0.8762,1.2012,0,0
2026-03-31,sz.002081,3.37,3.43,3.35,3.36,18629400,63266311.0,0.7044,-0.2967,0,0
2026-04-01,sz.002081,3.4,3.42,3.36,3.4,18470211,62661651.51,0.6984,1.1905,0,0
2026-04-02,sz.002081,3.4,3.41,3.34,3.37,15960400,53878144.0,0.6035,-0.8824,0,0
2026-04-03,sz.002081,3.37,3.37,3.26,3.27,18103100,59719176.0,0.6845,-2.9674,0,0
2026-04-07,sz.002081,3.27,3.33,3.26,3.31,12039950,39813703.0,0.4553,1.2232,0,0
2026-04-08,sz.002081,3.37,3.41,3.34,3.41,21745333,73656930.44,0.8223,3.0211,0,0
2026-04-09,sz.002081,3.39,3.4,3.33,3.33,17213450,57770506.5,0.6509,-2.346,0,0
2026-04-10,sz.002081,3.36,3.4,3.35,3.35,15786742,53164485.46,0.5969,0.6006,0,0
2026-04-13,sz.002081,3.34,3.37,3.32,3.36,14085792,47216343.3,0.5326,0.2985,0,0
2026-04-14,sz.002081,3.37,3.39,3.31,3.35,16132450,53901491.5,0.61,-0.2976,0,0
2026-04-15,sz.002081,3.36,3.38,3.34,3.37,18330560,61612644.2,0.6931,0.597,0,0
2026-04-16,sz.002081,3.36,3.38,3.33,3.37,17988070,60338214.2,0.6802,0.0,0,0
2026-04-17,sz.002081,3.45,3.71,3.45,3.71,73296749,269856676.21,2.7716,10.089,1,0
2026-04-20,sz.002081,3.74,4.08,3.68,4.08,193402218,747593643.39,7.3131,9.973,1,0
2026-04-21,sz.002081,4.41,4.49,4.33,4.49,119557510,531011316.58,4.5208,10.049,1,0
2026-04-22,sz.002081,4.94,4.94,4.94,4.94,61331075,302975510.5,2.3191,10.0223,1,0
2026-04-23,sz.002081,5.43,5.43,5.25,5.43,330662108,1792060292.72,12.5033,9.919,1,0
2026-04-24,sz.002081,5.45,5.46,4.89,4.89,483521291,2432496838.15,18.2833,-9.9448,0,1
2026-04-27,sz.002081,4.52,4.83,4.4,4.43,379410217,1713657798.13,14.3466,-9.407,0,0
2026-04-28,sz.002081,4.47,4.87,4.4,4.87,471563307,2224345802.24,17.8311,9.9323,1,0
2026-04-29,sz.002081,4.8,5.36,4.8,5.36,314049695,1626564590.85,11.8767,10.0616,1,0
2026-04-30,sz.002081,5.17,5.9,5.07,5.9,575692507,3220259781.42,21.7715,10.0746,1,0
2026-05-06,sz.002081,6.28,6.49,6.15,6.49,270207241,1721003232.58,10.2187,10.0,1,0
2026-05-07,sz.002081,6.96,7.14,6.8,7.14,442075563,3120489292.98,16.7184,10.0154,1,0
2026-05-08,sz.002081,6.43,7.18,6.43,6.8,576091082,3910540030.81,21.7866,-4.7619,0,0
2026-05-11,sz.002081,6.97,7.48,6.78,7.25,581151114,4245769727.2,21.978,6.6176,0,0
2026-05-12,sz.002081,7.43,7.98,7.25,7.98,553544747,4225028900.85,20.934,10.069,1,0
2026-05-13,sz.002081,8.05,8.46,7.6,7.88,645315624,5231358012.16,24.4045,-1.2531,0,0
2026-05-14,sz.002081,7.61,8.03,7.21,7.93,506065932,3870591355.74,19.1384,0.6345,0,0
2026-05-15,sz.002081,7.69,8.6,7.41,7.85,545854889,4414214763.22,20.6431,-1.0088,0,0
2026-05-18,sz.002081,7.07,7.48,7.07,7.07,340792726,2430621725.79,12.8881,-9.9363,0,1
2026-05-19,sz.002081,6.75,7.33,6.46,6.9,462238132,3198411366.7,17.4809,-2.4045,0,0
2026-05-20,sz.002081,6.91,7.04,6.21,6.21,414920112,2710193946.85,15.6914,-10.0,0,1
2026-05-21,sz.002081,6.12,6.3,5.67,5.71,447797125,2678838731.87,16.9348,-8.0515,0,0
2026-05-22,sz.002081,5.83,5.96,5.63,5.94,283701397,1642665923.24,10.729,4.028,0,0
2026-05-25,sz.002081,5.94,6.1,5.69,5.89,324846318,1909794577.05,12.285,-0.8418,0,0
2026-05-26,sz.002081,5.75,5.8,5.45,5.54,272989188,1521967973.97,10.3239,-5.9423,0,0
2026-05-27,sz.002081,5.56,5.63,5.29,5.46,243425923,1323604063.41,9.2059,-1.444,0,0
2026-05-28,sz.002081,5.49,5.74,5.39,5.6,249458318,1390758510.75,9.434,2.5641,0,0
2026-05-29,sz.002081,5.7,6.16,5.55,6.16,363579837,2156425998.64,13.7499,10.0,1,0
2026-06-01,sz.002081,6.29,6.78,6.17,6.78,633493826,4135981853.7,23.9575,10.0649,1,0
2026-06-02,sz.002081,7.0,7.43,6.7,6.85,706326901,4994110267.26,26.7119,1.0324,0,0
2026-06-03,sz.002081,6.8,7.03,6.41,6.65,532129522,3561716108.92,20.1241,-2.9197,0,0
2026-06-04,sz.002081,6.5,6.52,6.0,6.18,420871887,2596340548.68,15.9165,-7.0677,0,0
2026-06-05,sz.002081,6.11,6.38,5.72,5.78,314572706,1873886511.59,11.8965,-4.4628,0,0
2026-06-08,sz.002081,5.72,5.88,5.32,5.43,248799616,1380270016.67,9.4091,-6.0554,0,0
2026-06-09,sz.002081,5.61,5.63,5.24,5.4,186027832,995036005.44,7.0352,-0.5525,0,0
2026-06-10,sz.002081,5.33,5.94,5.29,5.94,147069048,851322360.85,5.5619,10.0,1,0
2026-06-11,sz.002081,5.92,5.92,5.35,5.35,316572848,1725279038.33,11.9722,-9.9327,0,1
2026-06-12,sz.002081,5.3,5.32,5.01,5.03,263369085,1358737298.75,9.9601,-5.9813,0,0
2026-06-15,sz.002081,5.1,5.22,4.98,5.12,170349435,866129535.53,6.4423,1.7893,0,0
2026-06-16,sz.002081,5.06,5.13,4.9,4.97,157615174,785256665.52,5.9607,-2.9297,0,0
2026-06-17,sz.002081,4.92,4.94,4.71,4.77,169252791,810448659.52,6.4008,-4.0241,0,0
2026-06-18,sz.002081,4.76,4.84,4.66,4.8,169815333,809387386.39,6.4221,0.6289,0,0
2026-06-22,sz.002081,4.79,4.82,4.57,4.72,151422698,705781660.37,5.7265,-1.6667,0,0
2026-06-23,sz.002081,4.69,4.9,4.57,4.59,128787957,604719858.19,4.8705,-2.7542,0,0
2026-06-24,sz.002081,4.6,4.63,4.48,4.6,134518244,612087386.77,5.0872,0.2179,0,0
2026-06-25,sz.002081,4.6,5.05,4.57,4.87,402666337,1950737817.39,15.228,5.8696,0,0
2026-06-26,sz.002081,4.68,4.73,4.44,4.46,245741007,1120496055.4,9.2934,-8.4189,0,0
